Sender: LSF System <lsfadmin@eu-lo-s4-001>
Subject: Job 206215218: <python siamese.py -t /cluster/project/sachan/abhinav/saved_models/bart -m saved_models/disentangled_model.pt -s /cluster/project/sachan/abhinav/saved_models/siamese-disentangled -w 24 -mp logical-form -hi 1 -n 256> in cluster <euler> Done

Job <python siamese.py -t /cluster/project/sachan/abhinav/saved_models/bart -m saved_models/disentangled_model.pt -s /cluster/project/sachan/abhinav/saved_models/siamese-disentangled -w 24 -mp logical-form -hi 1 -n 256> was submitted from host <eu-login-08> by user <alalwani> in cluster <euler> at Wed Feb 23 16:29:01 2022
Job was executed on host(s) <eu-lo-s4-001>, in queue <gpu.4h>, as user <alalwani> in cluster <euler> at Wed Feb 23 16:32:28 2022
</cluster/home/alalwani> was used as the home directory.
</cluster/home/alalwani/logical-fallacy/codes_for_models/abhinav_experiments> was used as the working directory.
Started at Wed Feb 23 16:32:28 2022
Terminated at Wed Feb 23 18:28:58 2022
Results reported at Wed Feb 23 18:28:58 2022

Your job looked like:

------------------------------------------------------------
# LSBATCH: User input
python siamese.py -t /cluster/project/sachan/abhinav/saved_models/bart -m saved_models/disentangled_model.pt -s /cluster/project/sachan/abhinav/saved_models/siamese-disentangled -w 24 -mp logical-form -hi 1 -n 256
------------------------------------------------------------

Successfully completed.

Resource usage summary:

    CPU time :                                   6957.95 sec.
    Max Memory :                                 5812 MB
    Average Memory :                             4938.59 MB
    Total Requested Memory :                     30000.00 MB
    Delta Memory :                               24188.00 MB
    Max Swap :                                   -
    Max Processes :                              3
    Max Threads :                                10
    Run time :                                   7006 sec.
    Turnaround time :                            7197 sec.

The output (if any) follows:

device = cuda
Namespace(tokenizer='/cluster/project/sachan/abhinav/saved_models/bart', model='saved_models/disentangled_model.pt', savepath='/cluster/project/sachan/abhinav/saved_models/siamese-disentangled', weight='24', map='logical-form', hidden='1', number='256')
0 0
0 10
0 20
0 30
0 40
0 50
0 60
0 70
0 80
0 90
0 100
0 110
0 120
0 130
0 140
0 150
0 160
0 170
0 180
0 190
0 200
0 210
0 220
0 230
0 240
0 250
0 260
0 270
0 280
0 290
0 300
0 310
0 320
0 330
0 340
0 350
0 360
0 370
0 380
0 390
0 400
0 410
0 420
0 430
0 440
0 450
0 460
0 470
0 480
0 490
0 500
0 510
0 520
0 530
0 540
0 550
0 560
0 570
0 580
0 590
0 600
0 610
0 620
0 630
0 640
0 650
0 660
0 670
0 680
0 690
0 700
0 710
0 720
0 730
0 740
0 750
saving model
Epoch 1: train_loss: 0.9968 train_acc: 0.9229 train_prec: 0.0000 train_rec: 0.0000| val_loss: 1.0127 val_acc: 0.9231 val_prec: 0.0000 val_rec: 0.0000
00:14:07.72
1 0
1 10
1 20
1 30
1 40
1 50
1 60
1 70
1 80
1 90
1 100
1 110
1 120
1 130
1 140
1 150
1 160
1 170
1 180
1 190
1 200
1 210
1 220
1 230
1 240
1 250
1 260
1 270
1 280
1 290
1 300
1 310
1 320
1 330
1 340
1 350
1 360
1 370
1 380
1 390
1 400
1 410
1 420
1 430
1 440
1 450
1 460
1 470
1 480
1 490
1 500
1 510
1 520
1 530
1 540
1 550
1 560
1 570
1 580
1 590
1 600
1 610
1 620
1 630
1 640
1 650
1 660
1 670
1 680
1 690
1 700
1 710
1 720
1 730
1 740
1 750
saving model
Epoch 2: train_loss: 0.9872 train_acc: 0.9232 train_prec: 0.0000 train_rec: 0.0000| val_loss: 0.9797 val_acc: 0.9229 val_prec: 0.0000 val_rec: 0.0000
00:14:06.17
2 0
2 10
2 20
2 30
2 40
2 50
2 60
2 70
2 80
2 90
2 100
2 110
2 120
2 130
2 140
2 150
2 160
2 170
2 180
2 190
2 200
2 210
2 220
2 230
2 240
2 250
2 260
2 270
2 280
2 290
2 300
2 310
2 320
2 330
2 340
2 350
2 360
2 370
2 380
2 390
2 400
2 410
2 420
2 430
2 440
2 450
2 460
2 470
2 480
2 490
2 500
2 510
2 520
2 530
2 540
2 550
2 560
2 570
2 580
2 590
2 600
2 610
2 620
2 630
2 640
2 650
2 660
2 670
2 680
2 690
2 700
2 710
2 720
2 730
2 740
2 750
saving model
Epoch 3: train_loss: 0.9685 train_acc: 0.9229 train_prec: 0.0000 train_rec: 0.0000| val_loss: 0.9609 val_acc: 0.9230 val_prec: 0.0000 val_rec: 0.0000
00:14:10.52
3 0
3 10
3 20
3 30
3 40
3 50
3 60
3 70
3 80
3 90
3 100
3 110
3 120
3 130
3 140
3 150
3 160
3 170
3 180
3 190
3 200
3 210
3 220
3 230
3 240
3 250
3 260
3 270
3 280
3 290
3 300
3 310
3 320
3 330
3 340
3 350
3 360
3 370
3 380
3 390
3 400
3 410
3 420
3 430
3 440
3 450
3 460
3 470
3 480
3 490
3 500
3 510
3 520
3 530
3 540
3 550
3 560
3 570
3 580
3 590
3 600
3 610
3 620
3 630
3 640
3 650
3 660
3 670
3 680
3 690
3 700
3 710
3 720
3 730
3 740
3 750
saving model
Epoch 4: train_loss: 0.9425 train_acc: 0.9229 train_prec: 0.0000 train_rec: 0.0000| val_loss: 0.9356 val_acc: 0.9230 val_prec: 0.0000 val_rec: 0.0000
00:14:03.89
4 0
4 10
4 20
4 30
4 40
4 50
4 60
4 70
4 80
4 90
4 100
4 110
4 120
4 130
4 140
4 150
4 160
4 170
4 180
4 190
4 200
4 210
4 220
4 230
4 240
4 250
4 260
4 270
4 280
4 290
4 300
4 310
4 320
4 330
4 340
4 350
4 360
4 370
4 380
4 390
4 400
4 410
4 420
4 430
4 440
4 450
4 460
4 470
4 480
4 490
4 500
4 510
4 520
4 530
4 540
4 550
4 560
4 570
4 580
4 590
4 600
4 610
4 620
4 630
4 640
4 650
4 660
4 670
4 680
4 690
4 700
4 710
4 720
4 730
4 740
4 750
saving model
Epoch 5: train_loss: 0.9326 train_acc: 0.9229 train_prec: 0.0000 train_rec: 0.0000| val_loss: 0.9256 val_acc: 0.9231 val_prec: 0.0000 val_rec: 0.0000
00:14:16.65
5 0
5 10
5 20
5 30
5 40
5 50
5 60
5 70
5 80
5 90
5 100
5 110
5 120
5 130
5 140
5 150
5 160
5 170
5 180
5 190
5 200
5 210
5 220
5 230
5 240
5 250
5 260
5 270
5 280
5 290
5 300
5 310
5 320
5 330
5 340
5 350
5 360
5 370
5 380
5 390
5 400
5 410
5 420
5 430
5 440
5 450
5 460
5 470
5 480
5 490
5 500
5 510
5 520
5 530
5 540
5 550
5 560
5 570
5 580
5 590
5 600
5 610
5 620
5 630
5 640
5 650
5 660
5 670
5 680
5 690
5 700
5 710
5 720
5 730
5 740
5 750
saving model
Epoch 6: train_loss: 0.9194 train_acc: 0.9232 train_prec: 0.0000 train_rec: 0.0000| val_loss: 0.8949 val_acc: 0.9231 val_prec: 0.0000 val_rec: 0.0000
00:14:12.00
6 0
6 10
6 20
6 30
6 40
6 50
6 60
6 70
6 80
6 90
6 100
6 110
6 120
6 130
6 140
6 150
6 160
6 170
6 180
6 190
6 200
6 210
6 220
6 230
6 240
6 250
6 260
6 270
6 280
6 290
6 300
6 310
6 320
6 330
6 340
6 350
6 360
6 370
6 380
6 390
6 400
6 410
6 420
6 430
6 440
6 450
6 460
6 470
6 480
6 490
6 500
6 510
6 520
6 530
6 540
6 550
6 560
6 570
6 580
6 590
6 600
6 610
6 620
6 630
6 640
6 650
6 660
6 670
6 680
6 690
6 700
6 710
6 720
6 730
6 740
6 750
saving model
Epoch 7: train_loss: 0.8991 train_acc: 0.9232 train_prec: 0.0000 train_rec: 0.0000| val_loss: 0.8899 val_acc: 0.9230 val_prec: 0.0000 val_rec: 0.0000
00:14:22.93
7 0
7 10
7 20
7 30
7 40
7 50
7 60
7 70
7 80
7 90
7 100
7 110
7 120
7 130
7 140
7 150
7 160
7 170
7 180
7 190
7 200
7 210
7 220
7 230
7 240
7 250
7 260
7 270
7 280
7 290
7 300
7 310
7 320
7 330
7 340
7 350
7 360
7 370
7 380
7 390
7 400
7 410
7 420
7 430
7 440
7 450
7 460
7 470
7 480
7 490
7 500
7 510
7 520
7 530
7 540
7 550
7 560
7 570
7 580
7 590
7 600
7 610
7 620
7 630
7 640
7 650
7 660
7 670
7 680
7 690
7 700
7 710
7 720
7 730
7 740
7 750
Epoch 8: train_loss: 0.8897 train_acc: 0.9232 train_prec: 0.0000 train_rec: 0.0000| val_loss: 0.9004 val_acc: 0.9231 val_prec: 0.0000 val_rec: 0.0000
00:14:11.39
0
1
2
3
4
5
6
7
8
9
10
11
12
13
14
15
16
17
18
19
20
21
22
23
24
25
26
27
28
29
30
31
32
33
34
35
36
37
38
39
40
41
42
43
44
45
46
47
48
49
50
51
52
53
54
55
56
57
58
59
60
61
62
63
64
65
66
67
68
69
70
71
72
73
74
75
76
77
78
79
80
81
82
83
84
85
86
87
88
89
90
91
92
93
94
95
96
97
98
99
100
101
102
103
104
105
106
107
108
109
110
111
112
113
114
115
116
117
118
119
120
121
122
123
124
125
126
127
128
129
130
131
132
133
134
135
136
137
138
139
140
141
142
143
144
145
146
147
148
149
150
151
152
153
154
155
156
157
158
159
160
161
162
163
164
165
166
167
168
169
170
171
172
173
174
175
176
177
178
179
180
181
182
183
184
185
186
187
188
189
190
191
192
193
194
195
196
197
198
199
200
201
202
203
204
205
206
207
208
209
210
211
212
213
214
215
216
217
218
219
220
221
222
223
224
225
226
227
228
229
230
231
232
233
234
235
236
237
238
239
240
241
242
243
244
245
246
247
248
249
250
251
252
253
254
255
256
257
258
259
260
261
262
263
264
265
266
267
268
269
270
271
272
273
274
275
276
277
278
279
280
281
282
283
284
285
286
287
288
289
290
291
292
293
294
295
296
297
298
299
0
1
2
3
4
5
6
7
8
9
10
11
12
13
14
15
16
17
18
19
20
21
22
23
24
25
26
27
28
29
30
31
32
33
34
35
36
37
38
39
40
41
42
43
44
45
46
47
48
49
50
51
52
53
54
55
56
57
58
59
60
61
62
63
64
65
66
67
68
69
70
71
72
73
74
75
76
77
78
79
80
81
82
83
84
85
86
87
88
89
90
91
92
93
94
95
96
97
98
99
100
101
102
103
104
105
106
107
108
109
110
111
112
113
114
115
116
117
118
119
120
121
122
123
124
125
126
127
128
129
130
131
132
133
134
135
136
137
138
139
140
141
142
143
144
145
146
147
148
149
150
151
152
153
154
155
156
157
158
159
160
161
162
163
164
165
166
167
168
169
170
171
172
173
174
175
176
177
178
179
180
181
182
183
184
185
186
187
188
189
190
191
192
193
194
195
196
197
198
199
200
201
202
203
204
205
206
207
208
209
210
211
212
213
214
215
216
217
218
219
220
221
222
223
224
225
226
227
228
229
230
231
232
233
234
235
236
237
238
239
240
241
242
243
244
245
246
247
248
249
250
251
252
253
254
255
256
257
258
259
260
261
262
263
264
265
266
267
268
269
270
271
272
273
274
275
276
277
278
279
280
281
282
283
284
285
286
287
288
289
290
291
292
293
294
295
296
297
298
299
micro f1: 0.000000 macro f1:0.000000 precision: 0.000000 recall: 0.000000 exact match 0.000000
unique_labels= dict_keys(['appeal to emotion', 'false causality', 'ad populum', 'circular reasoning', 'fallacy of relevance', 'faulty generalization', 'ad hominem', 'fallacy of extension', 'equivocation', 'fallacy of logic', 'fallacy of credibility', 'intentional', 'false dilemma'])
