0.01482826
0.6229765
0.01229436
0.013971598
0.0159085
0.5081576
0.12553297
0.002796023
0.019286634
0.029134559
0.0034841902
0.24300651
0.00280843
0.002442171
0.051807836
0.11433201
0.002713425
0.0036229647
0.7260655
0.016904566
0.0838012
0.006867494
0.011723007
0.98658866
0.67060727
0.0072223824
0.012524635
0.0056573255
0.45419407
0.2549577
0.0050260746
0.005519525
0.057330914
0.06345405
0.0073310826
0.0460158
0.007924459
0.15778783
0.006255417
0.015888495
0.07017766
0.9630074
0.39551488
0.0081690345
0.020329386
0.022695921
0.69162107
0.9906895
0.003978265
0.018512564
0.61842126
0.8856868
0.009550931
0.0057670176
0.9677325
0.0077956007
0.5140228
0.004363726
0.009937336
0.9243424
0.1158726
0.008595809
0.0036995062
0.00718955
0.1087581
0.297219
0.100810155
0.0037154446
0.005040913
0.052092902
0.00827279
0.014116997
0.09024614
0.0061952393
0.11812466
0.002567804
0.006708487
0.1354184
0.015057567
0.0037944694
0.0035791195
0.09684663
0.008395252
0.015794301
0.0065814634
0.0039207474
0.20765647
0.008449896
0.0017393513
0.0071598995
0.0052230814
0.03855352
0.03959155
0.0126126865
0.032544892
0.0037693642
0.0074812802
0.022038275
0.014107453
0.4689705
0.0077438257
0.20369202
0.0019198682
0.0020851297
0.11602125
0.03946533
0.003275391
0.0039914236
0.009768396
0.0045742146
0.022434028
0.0073963366
0.0025580788
0.0083548175
0.015249244
0.0020875763
0.012526245
0.523578
0.16785987
0.067287676
0.0027722726
0.002240074
0.0027193867
0.044415936
0.002942051
0.0017130588
0.26851574
0.0051088403
0.011685645
0.0022163643
0.0019319002
0.09894493
0.037504952
0.0069760466
0.0040938924
0.994325
0.015869556
0.17081779
0.10111669
0.0036691695
0.6223105
0.04937326
0.020672765
0.015564677
0.008010373
0.7056797
0.88567424
0.5574026
0.0077660973
0.007410863
0.1252396
0.0044607865
0.7536807
0.9834759
0.006614908
0.05266159
0.002698423
0.00358098
0.9933652
0.02743886
0.00672494
0.00481497
0.9966851
0.0038710588
0.6137427
0.0026042012
0.0056633716
0.9926912
0.33772272
0.005967697
0.014387218
0.0046462277
0.37539262
0.009070687
0.004126381
0.026937596
0.4234303
0.36317503
0.0029297303
0.012391376
0.8129663
0.30102584
0.021540133
0.0067356126
0.0045230417
0.010278707
0.06964689
0.005251346
0.03186845
0.3111318
0.06260537
0.008924102
0.5543913
0.003889993
0.0061940798
0.2515151
0.0053847423
0.012093317
0.103102565
0.45463094
0.06804421
0.013049225
0.0063104117
0.003494581
0.26253593
0.0025226925
0.03614905
0.011263586
0.2742849
0.008550172
0.03408073
0.0021667697
0.0032020109
0.60220414
0.034083113
0.0038265223
0.025111893
0.011006014
0.0057229684
0.0066614277
0.0074645695
0.7845272
0.9497868
0.009204212
0.0063535706
0.021191627
0.005210102
0.107688844
0.0030843283
0.0055083637
0.030726895
0.051254347
0.0030953179
0.010000929
0.0048292973
0.7462876
0.0031392626
0.0076969136
0.03397513
0.026256101
0.09488584
0.0028914607
0.034551337
0.018165363
0.9334725
0.009455754
0.0436133
0.6168665
0.90790844
0.8180287
0.0032527235
0.07790297
0.007478136
0.6189007
0.963713
0.6314147
0.0031189597
0.011360599
0.7180075
0.0020731343
0.008018013
0.05088276
0.12201979
0.008198019
0.029743323
0.015446309
0.5518861
0.05284931
0.017372
0.012956006
0.295093
0.014381616
0.004102653
0.005042385
0.414169
0.69242746
0.18523021
0.0033926016
0.0060902457
0.9105294
0.036973763
0.2912118
0.018440539
0.010983388
0.98041475
0.33915251
0.0046326183
0.0040995507
0.04608184
0.006170966
0.24178682
0.014215492
0.005389345
0.32559213
0.09277717
0.007170334
0.0059864977
0.95009595
0.002908496
0.03803691
0.0055564945
0.0037910347
0.8474985
0.09035572
0.0041903746
0.0050314083
0.86705995
0.30174866
0.8910011
0.010071666
0.014537624
0.00584711
0.06286011
0.0046544783
0.017219853
0.15240926
0.26542884
0.012410167
0.005646016
0.0036519037
0.015546666
0.14014374
0.014538893
0.0025099074
0.05816779
0.0036069194
0.16443586
0.0015567474
0.00671374
0.18461525
0.021854756
0.002374081
0.014611105
0.15136644
0.05533053
0.015654687
0.12786354
0.04482269
0.0053249844
0.18417303
0.0028971292
0.46524328
0.1482385
0.004871206
0.106869966
0.003440725
0.0049502053
0.8911661
0.021932665
0.003652642
0.0039513437
0.00661233
0.25018945
0.0016289949
0.005449075
0.13844976
0.18109699
0.10914529
0.0035492314
0.012430019
0.08331378
0.019026686
0.42790583
0.00353764
0.0042377915
0.7886311
0.06384292
0.03483964
0.015887054
0.036782704
0.0056981216
0.12291468
0.003984981
0.0039181123
0.08192177
0.0066248323
0.0026063947
0.033548158
0.01849047
0.0050922725
0.112218164
0.0026324436
0.004556371
0.053574596
0.012321801
0.0038782672
0.0053396905
0.032569326
0.09858492
0.059378628
0.0063702483
0.014254954
0.015699161
0.10323055
0.0051987236
0.01245554
0.47849396
0.42520306
0.6386508
0.011343953
0.008874511
0.006842936
0.04452801
0.0034858978
0.004155862
0.28656632
0.007509383
0.41438213
0.003950896
0.0038276012
0.21884197
0.28081775
0.0058079828
0.054293558
0.27771235
0.003122976
0.3309854
0.0015688717
0.0028104002
0.085517906
0.013922934
0.0032209733
0.003361512
0.03442179
0.0064114924
0.016909584
0.015061597
0.0023811315
0.8362429
0.06527766
0.004031829
0.012298898
0.123338364
0.0051298835
0.14775024
0.0027636108
0.0068606897
0.5575061
0.10093443
0.0034049032
0.0633178
0.33681068
0.19278182
0.4969834
0.013574151
0.011779375
0.012330105
0.043900263
0.014577117
0.025046
0.96164346
0.0131732775
0.31630057
0.011346106
0.0036609094
0.47441056
0.021335797
0.0037801901
0.08616266
0.9902158
0.006628404
0.7719817
0.0033968305
0.007384799
0.99326646
0.08195361
0.005409993
0.018362511
0.009835699
0.77843416
0.9715201
0.0033991537
0.067477494
0.8137622
0.8102788
0.0834072
0.0073241415
0.6863239
0.06681482
0.7392937
0.0035555852
0.010826001
0.06979229
0.9838014
0.013336346
0.017561883
0.016693385
0.66456276
0.23334515
0.0077378857
0.01109835
0.9623624
0.06006786
0.007785482
0.024169369
0.08081295
0.16769871
0.009589393
0.1671928
0.0063570705
0.012278348
0.040401347
0.0028955599
0.02275244
0.5800611
0.8863679
0.017850261
0.019867677
0.013390772
0.27647132
0.8979554
0.005165268
0.019881433
0.9443587
0.014434712
0.53564316
0.0052600703
0.011546645
0.9365897
0.07539846
0.011807024
0.20141642
0.23969656
0.04133408
0.51615584
0.0058375867
0.011880087
0.8384277
0.06378293
0.0051970575
0.007978689
0.13479777
0.006566568
0.35125804
0.011679823
0.0069607287
0.6404508
0.1457537
0.0044182404
0.16270216
0.29739302
0.53868073
0.3555202
0.010155595
0.003878713
0.0041205124
0.081402525
0.008187416
0.010381663
0.97445655
0.6943786
0.007885561
0.9795054
0.0054880306
0.00272876
0.5119868
0.0031919116
0.0041001616
0.010681165
0.005882095
0.03517922
0.0017696148
0.0034998509
0.16498496
0.033619385
0.0050964192
0.0022976082
0.0401088
0.08690833
0.060464814
0.6859475
0.0052811746
0.0061066602
0.166567
0.0065608644
0.017144704
0.009579906
0.0063211313
0.06220593
0.0029971795
0.0036682952
0.021064779
0.031892657
0.0032150615
0.0034189993
0.016088465
0.0053701065
0.8328154
0.0015088563
0.008123452
0.30554008
0.5242916
0.002426252
0.011649822
0.004079876
0.0026092322
0.0016473533
0.0027778372
0.0018033838
0.0019303776
0.028118303
0.0014069328
0.0067848573
0.98390055
0.005339615
0.0685109
0.002579926
0.0067430357
0.5107055
0.84250736
0.0036698747
0.0052727703
0.040297087
0.0044409567
0.75281185
0.0027402313
0.004162941
0.16995528
0.32308695
0.003836104
0.00497637
0.15025629
0.009005575
0.084573895
0.005256417
0.007195959
0.41098556
0.07938778
0.006150587
0.017989831
0.7849576
0.005645187
0.38065508
0.004030671
0.004322378
0.28126934
0.052869555
0.006631474
0.0031669394
0.0036335087
0.022156643
0.070185475
0.06911101
0.006267845
0.005379858
0.0063223112
0.0038838643
0.0057425126
0.023437954
0.0025435206
0.37322572
0.0016576614
0.0027168458
0.5772384
0.23808701
0.0062866407
0.006876803
0.03585934
0.011847403
0.025189258
0.0029102967
0.0037817203
0.95853275
0.006107246
0.006637627
0.006334614
0.33009905
0.006103196
0.0566823
0.0038183734
0.0042679654
0.5293794
0.1167673
0.0067084925
0.0049776714
0.025312405
0.08713365
0.072462
0.005258324
0.004736424
0.0111662615
0.028685968
0.0023057787
0.004720459
0.015202502
0.038665902
0.014607138
0.042007357
0.028288305
0.54991347
0.25548047
0.005672005
0.37297285
0.046080053
0.005937563
0.14764833
0.0062731523
0.005133653
0.09009838
0.025002586
0.004652335
0.005317039
0.2533903
0.07765356
0.007976011
0.010578612
0.005185321
0.53219473
0.05212198
0.0018288787
0.1262898
0.5531777
0.007642397
0.3679704
0.0026448315
0.002923435
0.47478962
0.090532504
0.003403143
0.00545487
0.048044644
0.0063215983
0.31402692
0.0021786988
0.007604516
0.0792912
0.6749437
0.06674558
0.0028407956
0.23386139
0.009897003
0.110178106
0.01130946
0.0038302958
0.7040468
0.40858513
0.009528478
0.009444706
0.21082053
0.004370496
0.16544202
0.0025138985
0.0056373067
0.7833473
0.1028633
0.0045018946
0.034814626
0.012153269
0.019121742
0.0028501165
0.009300366
0.004763252
0.0056829727
0.11534666
0.0056113657
0.0054458664
0.21552853
0.004449901
0.15124969
0.001832733
0.0059441943
0.88315994
0.022521991
0.00911542
0.017285015
0.066399485
0.008212748
0.35008425
0.0060568564
0.007010263
0.107282326
0.123170674
0.005512029
0.009812746
0.37765405
0.005295874
0.84489787
0.0029197978
0.003045421
0.22846742
0.06938283
0.0044321893
0.011839144
0.08432002
0.026632551
0.21696153
0.18700767
0.005009479
0.9485033
0.050085485
0.0038830736
0.97980106
0.043167487
0.008590583
0.108192585
0.007951606
0.00324206
0.13727398
0.07534446
0.002121842
0.18272336
0.008329713
0.05592264
0.8696645
0.0028205272
0.004308924
0.033128116
0.15660779
0.008316772
0.02349546
0.9939353
0.99460125
0.055900224
0.031296
0.0038558058
0.11707466
0.99389124
0.031059807
0.00830346
0.1316116
0.005954072
0.7910754
0.0019009117
0.0061847353
0.2323082
0.4383762
0.012727887
0.004250234
0.31500363
0.2448488
0.006859176
0.0057733827
0.0031584408
0.015463866
0.042717528
0.022326259
0.011157497
0.027279748
0.009203409
0.016289657
0.009375739
0.0018116361
0.03240245
0.022095934
0.0034828947
0.0063185785
0.1358177
0.12347844
0.009711789
0.103197925
0.00750832
0.004071304
0.012972601
0.008784438
0.023919253
0.1601187
0.43507224
0.003525318
0.00248246
0.72472787
0.004200222
0.03567312
0.0029667753
0.30260378
0.76640636
0.014483963
0.2291729
0.00919428
0.0030659959
0.93125385
0.048860494
0.007057671
0.0066155936
0.8829162
0.006206252
0.37713888
0.0045312867
0.005870039
0.76936185
0.27964348
0.00797608
0.004096863
0.089971125
0.0073042572
0.46087655
0.011713581
0.0052255453
0.117732294
0.070227854
0.0116352
0.09651732
0.22265828
0.014244795
0.7594457
0.007991899
0.01031757
0.28140247
0.2804513
0.0034240833
0.020583885
0.028778477
0.0036030991
0.8305817
0.002126345
0.0089522945
0.13861483
0.024422595
0.0025215773
0.00951594
0.012159477
0.051531583
0.028707454
0.0053222314
0.002009489
0.0022292421
0.008973173
0.087124966
0.002041863
0.9909238
0.0043569505
0.090363614
0.0016139781
0.0020014571
0.99601823
0.02738265
0.0029180255
0.016568482
0.13481633
0.0074500027
0.29217
0.0026069703
0.004460078
0.6232359
0.27361795
0.004945923
0.012748731
0.37065402
0.024878392
0.12500072
0.0054677594
0.01701593
0.669961
0.38031638
0.0027967745
0.08427695
0.13762218
0.004668819
0.69394064
0.0026837685
0.002846093
0.58185005
0.13199085
0.0029864253
0.007840504
0.35921144
0.25992236
0.6883076
0.008538879
0.0024932034
0.003572028
0.034013987
0.002259467
0.0043879217
0.98676145
0.016540777
0.82763803
0.0018647587
0.011021291
0.86867845
0.49670485
0.0052836994
0.08997418
0.013190185
0.2693244
0.004001426
0.0023438588
0.003586642
0.08961887
0.027981292
0.0026422793
0.010434003
0.01093494
0.96979654
0.0026026212
0.017329218
0.43527454
0.98546904
0.93459004
0.009334903
0.004436818
0.20128399
0.009620831
0.045352384
0.019206459
0.0023113443
0.008611115
0.019395754
0.0031558203
0.007005258
0.71881384
0.007221267
0.780524
0.005256526
0.018336298
0.99212587
0.46163523
0.0072895945
0.045165364
0.014938756
0.2788579
0.66390085
0.0049706507
0.022056539
0.11616355
0.9247123
0.022753859
0.034797583
0.01648668
0.030055083
0.006592834
0.0070060845
0.0027089103
0.0026017348
0.040745117
0.0020862613
0.00405757
0.06067848
0.00921925
0.045414664
0.003526929
0.001683918
0.01919901
0.10921121
0.0031947491
0.009037149
0.06875642
0.038877234
0.018872377
0.019136496
0.008229551
0.01048646
0.99541783
0.0034449883
0.6123443
0.009834476
0.28037953
0.27917662
0.0068923933
0.42320314
0.077319846
0.003513864
0.039528694
0.009658163
0.0974102
0.0059062927
0.91883105
0.004968836
0.0040083984
0.09451172
0.014760425
0.0074646086
0.08278215
0.5148791
0.02236935
0.056373756
0.007863323
0.0031065564
0.084700406
0.04395982
0.004426237
0.0138222845
0.30531505
0.0028357008
0.9878208
0.010350232
0.008425305
0.8155774
0.052035917
0.012059668
0.0035899298
0.38989407
0.07121733
0.0032114824
0.0065077674
0.0035614867
0.016424201
0.015526573
0.010659292
0.0018587125
0.061904658
0.08735631
0.030472023
0.0070848973
0.0023693356
0.0021983935
0.03629817
0.004902358
0.037572596
0.02355472
0.033759527
0.05013749
0.006291133
0.018688576
0.0035943706
0.12762962
0.11244876
0.0032811814
0.011288423
0.012863589
0.09619289
0.0037216526
0.0044551743
0.5104371
0.017627811
0.0036678356
0.12883997
0.00833949
0.10494989
0.011220287
0.0054856953
0.13457742
0.9555149
0.2914122
0.00476501
0.0056605088
0.012178894
0.5696607
0.67164415
0.31552336
0.0043123025
0.011585137
0.67889816
0.006515474
0.026082624
0.008755947
0.19543305
0.0066300845
0.004554404
0.07719218
0.7019246
0.045161292
0.0033157899
0.0032941618
0.88217694
0.624371
0.0069006705
0.88379264
0.10362589
0.0028450477
0.05719151
0.07761775
0.005216473
0.23641346
0.0077381623
0.122982636
0.0035128016
0.003507807
0.096043706
0.050123483
0.0075711654
0.0110166585
0.08462496
0.0046371645
0.080320545
0.0026310908
0.0037024787
0.014265417
0.026728462
0.004681429
0.0045645563
0.090296745
0.00881169
0.17813687
0.0027303968
0.0043088724
0.8294688
0.74254274
0.0041274303
0.004129374
0.021645078
0.010508091
0.16397744
0.003785392
0.0047657653
0.20604548
0.03490912
0.009918976
0.01591614
0.1632364
0.008120348
0.30751434
0.0040017827
0.0069896863
0.7242624
0.047594525
0.0062009585
0.0044030785
0.9873225
0.013645931
0.011726005
0.0042313826
0.46742246
0.985466
0.9797158
0.0068586785
0.0065274304
0.007187278
0.41407442
0.005224623
0.004013016
0.08006425
0.36971125
0.033849582
0.012943172
0.0032501763
0.004607932
0.06608602
0.35374716
0.0044979495
0.003634516
0.2621091
0.7068392
0.001872477
0.0468712
0.9909547
0.99517244
0.063746996
0.008533088
0.0055725966
0.07472202
0.9958872
0.051855102
0.013551345
0.034697555
0.012532549
0.009421536
0.004344193
0.0023895195
0.03449155
0.013487893
0.0030793988
0.017843435
0.1356804
0.6835672
0.9577987
0.013732931
0.010050482
0.0034398737
0.7170831
0.008774696
0.02185749
0.69530904
0.012743184
0.58560234
0.0035314814
0.005371265
0.58661634
0.04856812
0.005456171
0.006526165
0.6623061
0.0119858775
0.11520471
0.90817803
0.015750779
0.9905786
0.4481331
0.027628005
0.021021497
0.01705827
0.04617721
0.010477663
0.004445148
0.007595215
0.0037049872
0.009375524
0.0025725646
0.019067828
0.038764227
0.08952228
0.006068446
0.008317421
0.0058816886
0.11855887
0.060895875
0.019656366
0.0023616794
0.006901524
0.10133813
0.008326223
0.0030354375
0.02468045
0.6060142
0.060434144
0.0018481133
0.0052269227
0.2537352
0.09115261
0.03451176
0.0048178933
0.0027733939
0.2876769
0.019867208
0.003955093
0.034359775
0.07406985
0.049450543
0.005007601
0.0029333099
0.020174127
0.07863922
0.032604784
0.0014314456
0.0032938418
0.050614256
0.0028153774
0.015448069
0.0018934011
0.0028246306
0.25729164
0.007515102
0.0020759713
0.0031073722
0.0107528
0.005669199
0.1867958
0.0040033488
0.18568929
0.4809632
0.5158965
0.0055553517
0.092323676
0.6416762
0.07419878
0.008464525
0.004696646
0.015942387
0.05993317
0.037352223
0.003511695
0.0039031089
0.002655255
0.07629247
0.076137334
0.009508713
0.91245633
0.0040649143
0.0035596727
0.037713427
0.006706366
