0.002114842
0.010712147
0.9846026
0.25403136
0.0015335649
0.007052063
0.30988833
0.22621728
0.755787
0.002108392
0.054531436
0.0048653833
0.0008275147
0.016269058
0.0020795122
0.028110579
0.00678158
0.04370628
0.0028120156
0.009230363
0.0025089378
0.0012058463
0.008203784
0.004826798
0.09642407
0.012606489
0.04547764
0.0039609796
0.0041705645
0.0014147446
0.008896086
0.0013237166
0.00084365706
0.032331236
0.0077985753
0.04022028
0.001938263
0.0015021139
0.0030137382
0.0011160177
0.00057300576
0.00081172434
0.009094021
0.0030453051
0.8887432
0.12639663
0.019701818
0.00533381
0.0027401382
0.01937871
0.0009975894
0.06156668
0.05504286
0.40435234
0.0015255881
0.014780292
0.0034623852
0.0010289134
0.010588764
0.00192253
0.029723918
0.012123368
0.055659693
0.009277344
0.0800709
0.0030092455
0.25733772
0.0020911912
0.056131214
0.0022292244
0.07791214
0.9818677
0.004843317
0.016664343
0.004402652
0.001016268
0.019094134
0.005918181
0.0563682
0.038365204
0.052065477
0.0015190562
0.0052392296
0.0031632832
0.0034713699
0.08501463
0.0052968743
0.17330506
0.2699577
0.5272257
0.017839085
0.27550864
0.01632234
0.0074372143
0.0039084586
0.0007744085
0.02415267
0.001471516
0.8090166
0.0026158728
0.018354043
0.007565332
0.0011583837
0.00880208
0.0029102606
0.07552432
0.0070473067
0.22029589
0.0025194944
0.036218297
0.0039382153
0.0008951209
0.022302581
0.0024145886
0.0194711
0.011800124
0.09235281
0.01140367
0.012651255
0.029607864
0.016760195
0.002043064
0.017016875
0.0063938205
0.012784938
0.0493486
0.002762495
0.015062839
0.005973789
0.001631744
0.022965686
0.0043727416
0.047638945
0.008668375
0.024839597
0.004356898
0.15647265
0.007171482
0.0016840397
0.020936364
0.0027976357
0.041173093
0.013146343
0.042505745
0.013613873
0.008882454
0.0038768633
0.11747845
0.0038163238
0.010582366
0.0022698208
0.018617395
0.7326841
0.0012840998
0.004303943
0.0054475507
0.00063539407
0.0037890645
0.0021207593
0.022711411
0.05677141
0.2228303
0.0014611525
0.039118182
0.0029001338
0.0012897664
0.01331066
0.0020670893
0.39448568
0.01160357
0.97427124
0.0021593575
0.003013014
0.013286982
0.0005056528
0.00068928214
0.001353412
0.95920914
0.00832229
0.9946128
0.023687614
0.23206002
0.08000447
0.028409887
0.0030177892
0.003867219
0.0043741325
0.068178564
0.79468745
0.11743134
0.018694662
0.022820516
0.21281117
0.032069415
0.002007193
0.008635822
0.021217786
0.04213147
0.010519024
0.016215524
0.023712303
0.0048288587
0.024082724
0.02573205
0.004325735
0.019941775
0.1423475
0.92348975
0.0020558932
0.027087543
0.0019317733
0.0009766913
0.0049184724
0.0029399537
0.02801041
0.0043458836
0.006905787
0.10191375
0.027364932
0.007390826
0.03437492
0.002709049
0.003396001
0.029054834
0.99293375
0.00075991853
0.0059773065
0.0036229794
0.0010063964
0.0051526665
0.0012155537
0.03728494
0.003791887
0.43069288
0.012433859
0.005226332
0.0014252622
0.015741114
0.0023496477
0.29288694
0.17987628
0.013046469
0.9967899
0.024173036
0.006316619
0.0017252801
0.04131281
0.0021841044
0.019279156
0.7603075
0.014705193
0.72208744
0.009371529
0.010521203
0.0027992066
0.22107252
0.0016647708
0.009954746
0.0013647142
0.028609967
0.97900134
0.14640312
0.016076278
0.10475529
0.0018654008
0.07661971
0.032259744
0.47430626
0.1544237
0.09806406
0.00421128
0.011129846
0.004382618
0.013680876
0.0015448638
0.0025902835
0.01861254
0.013318888
0.042636365
0.009720313
0.08300386
0.008550733
0.0011516955
0.013682921
0.00695091
0.04498923
0.017207708
0.015139414
0.003449275
0.009729056
0.0034976418
0.0010058627
0.017312761
0.0040548528
0.07164988
0.00714612
0.07591295
0.0018261889
0.024785707
0.003623046
0.001566408
0.009855274
0.0034047551
0.016909972
0.028527383
0.031660322
0.9287231
0.6087693
0.09306201
0.42539623
0.06793747
0.0050145555
0.0135195255
0.10364337
0.43631208
0.025152909
0.010802077
0.13994564
0.009044729
0.0014674541
0.002727005
0.17714813
0.02767534
0.09159942
0.00089241914
0.0038513276
0.0047434843
0.0010797406
0.006741643
0.0028060845
0.03918036
0.010873211
0.9962535
0.0035497705
0.0089580165
0.0128043415
0.04923248
0.0013221555
0.006076969
0.003985477
0.0037727319
0.02788551
0.0035914076
0.051801838
0.030009346
0.0011350793
0.018914573
0.0073320586
0.57259905
0.029408783
0.10793376
0.0063924226
0.0028212161
0.0013061134
0.009304466
0.0018618284
0.0032842555
0.041383207
0.0045301453
0.308436
0.0019559802
0.0025782997
0.004098995
0.0013938523
0.008738018
0.006025397
0.07743823
0.019702109
0.17201027
0.0017497519
0.016404321
0.0061689946
0.0007985082
0.014754141
0.004766327
0.07676483
0.013618438
0.3461069
0.0008913339
0.01940687
0.0022785363
0.0007566127
0.01049082
0.0014831045
0.013407019
0.002914801
0.041298274
0.07343488
0.1496313
0.72465724
0.11993078
0.0022162148
0.02240105
0.048712596
0.16915585
0.16188271
0.17821673
0.46196288
0.9918686
0.28154454
0.14493173
0.0028160438
0.009850196
0.04176783
0.0466447
0.06739952
0.0081106685
0.0022368606
0.00068136514
0.007358218
0.0012711857
0.001388668
0.00575592
0.97917694
0.011273919
0.09847175
0.0028489195
0.00060764456
0.014716109
0.0036296162
0.046793018
0.007209427
0.24657051
0.001195805
0.006047377
0.00260894
0.001062709
0.008472813
0.0025151414
0.02809568
0.008498765
0.14259766
0.0014142913
0.02519832
0.0032088687
0.0010024604
0.005851803
0.001857954
0.008398701
0.006598608
0.030508708
0.97148323
0.6170854
0.028666055
0.14531246
0.01634735
0.022840872
0.0038921603
0.67258334
0.057827372
0.0016771771
0.0093952855
0.0047231247
0.001419208
0.01137265
0.0021195088
0.04214232
0.008378911
0.8272748
0.020999126
0.08413934
0.0033191578
0.0010728231
0.038369283
0.10265621
0.798512
0.024250682
0.0541599
0.0023069337
0.023370402
0.97253925
0.015672559
0.0009407098
0.019140787
0.7891536
0.21077996
0.28253815
0.04855023
0.17939289
0.004589437
0.0013005461
0.035020683
0.011254615
0.0061143865
0.010097939
0.015777245
0.39913735
0.0076954504
0.0038955596
0.039942402
0.0025261291
0.010687446
0.10046074
0.016329102
0.0121845165
0.0016878955
0.02851132
0.0083626015
0.003125218
0.0014759398
0.010571654
0.0024894567
0.022742745
0.0465911
0.020615498
0.0039422386
0.011781112
0.0022974927
0.0013850896
0.0012223563
0.14757134
0.015351828
0.6608135
0.001204961
0.009487351
0.0026597255
0.0007224034
0.0066057257
0.0025648572
0.061019517
0.008108279
0.72713864
0.013133253
0.04921594
0.031401288
0.002339181
0.034790006
0.010126098
0.33044735
0.10458006
0.47093293
0.00096205244
0.003086337
0.0016676305
0.0005713821
0.007281876
0.002452458
0.017194325
0.00714056
0.060534034
0.008533877
0.015176905
0.10623192
0.04911645
0.0026332675
0.01607056
0.010625952
0.030496195
0.06803984
0.05076006
0.0038364942
0.022199932
0.0032037767
0.004027737
0.0008551693
0.03570905
0.0020091843
0.009369381
0.003528629
0.04562488
0.04321664
0.00088304677
0.08871302
0.004820612
0.06275663
0.0335012
0.03594723
0.2957076
0.01253583
0.013119346
0.0036558516
0.041922998
0.002997322
0.0021627576
0.036201254
0.96294457
0.0006903502
0.007316937
0.002308486
0.00163405
0.007784916
0.0013234891
0.01617482
0.02521723
0.20051087
0.0012213609
0.00852518
0.004363221
0.0007467895
0.021643141
0.0049954965
0.15747903
0.009266271
0.99147135
0.0055965497
0.0013857043
0.0013753972
0.9910808
0.00057300454
0.37445703
0.0008455027
0.059044875
0.58582646
0.00095360074
0.007261685
0.0029895455
0.0018027313
0.0071713882
0.00219162
0.02010194
0.010066105
0.43564188
0.0029368834
0.0083327005
0.0029706135
0.001014568
0.0073241154
0.0046147252
0.018765945
0.0074312068
0.03537802
0.0032418477
0.016318914
0.010896233
0.0008208153
0.007575728
0.0029736785
0.057686202
0.012140184
0.035837285
0.0019239056
0.02573454
0.0036976943
0.0007355126
0.020572575
0.0031756337
0.06078225
0.04853077
0.04140906
0.0065303654
0.020291548
0.0028682838
0.43437782
0.0024155495
0.019159293
0.0011107593
0.10523421
0.9424764
0.0010505456
0.0070218677
0.0023859763
0.00065757526
0.010248716
0.0026788744
0.12769546
0.024580318
0.983914
0.0012648614
0.0035635838
0.001768668
0.0007522903
0.006872707
0.0021872213
0.066161044
0.009613049
0.9945856
0.0033225168
0.06727886
0.004814616
0.0009403566
0.009307741
0.0025037618
0.045742232
0.0057036434
0.27188993
0.065884314
0.015082529
0.43218654
0.020131914
0.007743903
0.06959687
0.012365457
0.108052194
0.090003625
0.011643009
0.024386788
0.0056485403
0.10648442
0.002724479
0.004270489
0.46236262
0.13147941
0.9812246
0.0012478059
0.003532791
0.005222993
0.0008356436
0.007608786
0.0034214144
0.11737417
0.009361355
0.45098445
0.014101589
0.06005463
0.018675769
0.01305796
0.11258097
0.005305011
0.0088871345
0.041448113
0.52698165
0.0025937948
0.028172854
0.0060496707
0.00090166176
0.010396292
0.0022424227
0.041712362
0.03516579
0.027059639
0.95924413
0.0044430033
0.0018397402
0.00084592385
0.006822383
0.0010530188
0.0031292601
0.08880655
0.010730792
0.0019445911
0.011742163
0.025782494
0.0011924817
0.014875491
0.0018426882
0.21979249
0.090352006
0.6581386
0.0011205953
0.0063108904
0.0024120787
0.000938624
0.0051621078
0.0016210325
0.030582214
0.0066724904
0.93633
0.006015762
0.022468489
0.06761742
0.037289158
0.0009552686
0.03402512
0.0029667136
0.09761309
0.964456
0.0017197806
0.013439965
0.0014148899
0.00080670824
0.011278967
0.0033356969
0.01901788
0.0027596608
0.067807674
0.0011561867
0.0037017611
0.0025749253
0.0012343513
0.006691475
0.0015430875
0.11480388
0.009866964
0.9398033
0.0069804564
0.026731316
0.0028734808
0.0008195786
0.03098079
0.009893416
0.11706266
0.010854803
0.15645553
0.006591258
0.033325985
0.0068364977
0.0020535553
0.13364656
0.0074988077
0.06128224
0.024771642
0.04221151
0.0025418026
0.01979049
0.008849483
0.001804284
0.021991655
0.004680963
0.12561783
0.013172586
0.846681
0.01744924
0.018379655
0.011896059
0.0014556991
0.029858096
0.013844168
0.66320693
0.026069313
0.9526435
0.009013836
0.9531739
0.1028629
0.01809145
0.0011351294
0.0050073303
0.55792934
0.053205684
0.20098121
0.0037974138
0.011439218
0.015729997
0.0012762755
0.013332759
0.0040534674
0.100903444
0.02701295
0.043252345
0.0086774565
0.89827454
0.05257498
0.009809089
0.00089846476
0.042027052
0.0021867862
0.6241928
0.99442166
0.0009481848
0.0066849077
0.003977658
0.0009147311
0.005823488
0.0020520093
0.034562085
0.006027515
0.31063187
0.7200186
0.015439876
0.02095517
0.24974455
0.03723874
0.0051207785
0.001990393
0.026122408
0.9426152
0.88348716
0.29955053
0.004696544
0.006984754
0.01418421
0.19689393
0.0034690069
0.17070477
0.19671535
0.002497433
0.01758469
0.006041122
0.0014301832
0.013258134
0.0034287288
0.122337
0.015786448
0.0944949
0.0037138558
0.06300718
0.003685487
0.0012647576
0.009571857
0.0038076243
0.054835513
0.008463397
0.037123166
0.0016213539
0.00751463
0.004587209
0.0008218396
0.00908953
0.002113158
0.034591604
0.015035403
0.3791306
0.004087945
0.028843135
0.009767598
0.001635916
0.05360488
0.011227781
0.72570753
0.055923928
0.78118587
0.0025243268
0.017790409
0.0030147205
0.00096009567
0.020071499
0.0027143594
0.05079995
0.008223996
0.62913024
0.959487
0.0031187201
0.15272255
0.016344389
0.0013960816
0.011219779
0.00094643043
0.0014941709
0.01955453
0.000940849
0.0046004276
0.0021252325
0.00071613677
0.0038386078
0.0014574763
0.013846419
0.0030216866
0.3753334
0.0020099373
0.0121976845
0.0068349196
0.0010908796
0.011216498
0.0026240977
0.08356383
0.012084553
0.9789699
0.0020658015
0.003801548
0.10675861
0.028603343
0.122425124
0.051934786
0.5911872
0.04884497
0.6344862
0.0026058308
0.020937867
0.0023307365
0.0013033628
0.014195413
0.0027154249
0.05431051
0.012578842
0.57944995
0.0015029308
0.11295389
0.003107855
0.030108849
0.0144849345
0.0012272595
0.0022639956
0.012498432
0.13356122
0.0030776488
0.02321446
0.007104377
0.0012949165
0.008498304
0.004130305
0.056845624
0.011769514
0.038799692
0.0013609502
0.0021112082
0.006313867
0.0006846665
0.006640212
0.002932351
0.029409656
0.004011556
0.79310924
0.026149385
0.24883565
0.004084866
0.16040555
0.015747126
0.9154247
0.7848018
0.10081002
0.0332662
0.003940041
0.7492258
0.012463252
0.0012500358
0.017020928
0.0023873514
0.05412906
0.009348634
0.03755826
0.0012040464
0.0033773633
0.006112951
0.0009941696
0.008552396
0.007994585
0.14506009
0.01101495
0.73963106
0.035966944
0.020355135
0.07752089
0.004617019
0.019403161
0.0046991
0.006741797
0.078212716
0.019970044
0.030325416
0.011966821
0.3867315
0.016123224
0.0056521916
0.122248724
0.0037661346
0.054690875
0.31900686
0.0008995795
0.014960245
0.00390265
0.0010844733
0.007341403
0.0012639257
0.037850298
0.0066621355
0.5270144
0.0014395247
0.0014265252
0.04483975
0.22226351
0.0007987444
0.029438002
0.0039193337
0.0036749982
0.027437622
0.16119806
0.8987511
0.016978374
0.043736666
0.04070248
0.07483003
0.0016011987
0.018268459
0.20616628
0.004069044
0.011513326
0.0066555003
0.001509704
0.034082565
0.008406596
0.07312211
0.031783853
0.029323159
0.0019759156
0.29851392
0.0039620157
0.000849852
0.0149585195
0.0016575181
0.072705925
0.008317848
0.1418204
0.014488995
0.0011192887
0.024429293
0.013853396
0.034440447
0.0036905627
0.4412793
0.14964658
0.18412231
0.9326601
0.0013438644
0.007767287
0.0009904474
0.006457785
0.00086525397
0.0018868026
0.02211597
0.018471802
0.0045640757
0.0024905582
0.042238396
0.0037850428
0.0043065916
0.009315298
0.0013034015
0.006994373
0.9936574
0.9573288
0.0020719243
0.021373043
0.0037578146
0.0011188666
0.0042103627
0.000955829
0.0012682737
0.0053373855
0.0012410424
0.0051099956
0.0029039702
0.0012123206
0.008310632
0.0022524782
0.016729884
0.0067732246
0.099820554
0.023130262
0.021213436
0.021169007
0.0024268462
0.0078609595
0.01027594
0.14838737
0.08691654
0.9528385
0.060010705
0.09129808
0.011795826
0.57455206
0.0016219325
0.052719872
0.011105264
0.034740843
0.95958155
0.055198565
0.004507419
0.0011038025
0.028059134
0.004853624
0.008453855
0.022839649
0.007117975
0.037294436
0.049969003
0.010515917
0.058346417
0.0040978915
0.024160018
0.0009544916
0.0040108203
0.082998216
0.5700789
0.0018458557
0.0041957726
0.0049072043
0.0011717783
0.008762626
0.0027585626
0.03292429
0.013851638
0.14580694
0.003173925
0.0380598
0.0056978147
0.0010037133
0.030175047
0.003561527
0.03465187
0.007947266
0.11760408
0.00080205913
0.0060472563
0.0028308872
0.0010020129
0.00298556
0.0012846992
0.011873506
0.0054794275
0.24225865
0.001110047
0.00294796
0.001783859
0.00075779395
0.008940467
0.0060349517
0.22877124
0.019832088
0.8886721
0.0045679817
0.017341165
0.0560217
0.0013730894
0.03767112
0.011594513
0.19336413
0.023752484
0.20105596
0.018191349
0.47590604
0.004168394
0.0019707119
0.0021175814
0.024226839
0.9889163
0.41002813
0.0365621
0.0039926283
0.009871027
0.00095022673
0.009141786
0.0012447169
0.0027248089
0.092049144
0.062730975
0.9422193
0.002617495
0.015395953
0.13765743
0.009833551
0.0035225647
0.0009694749
0.0031433767
0.017583149
0.445988
0.8437388
0.85450673
0.3042637
0.027280647
0.0031453143
0.0040285564
0.24654563
0.1864535
0.9625924
0.0007546358
0.0023567206
0.00092058897
0.0006163191
0.0016553102
0.0010999616
0.0154862525
0.002430925
0.98081
0.026811453
0.7747761
0.9762666
0.06531699
0.01504508
0.0013244638
0.009616338
0.27611434
0.27600724
0.004164022
0.077228196
0.01732716
0.0011811737
0.073409595
0.0027861225
0.07007722
0.009646033
0.019684998
0.8699135
0.08352731
0.0029259627
0.023444563
0.32642236
0.97443104
0.013030737
0.1483557
0.6468397
0.015084253
0.0055679264
0.14076884
0.010117142
0.008341676
0.019461334
0.0019455093
0.3261143
0.9598411
0.9681493
0.011440156
0.026304653
0.0015636061
0.01587976
0.001964978
0.0033532449
0.07707369
0.016648661
0.04087705
0.022717059
0.0058496622
0.026522195
0.0020703338
0.006051097
0.12755646
0.15754959
0.023256859
0.0014652415
0.016609013
0.0018272941
0.000725415
0.0048800027
0.0011409125
0.011794325
0.004051919
0.25790998
0.0012487093
0.0054945736
0.0037336648
0.0023945281
0.018303053
0.002352358
0.021277426
0.024518684
0.038464285
0.0006020522
0.0075860214
0.0031541635
0.0005863851
0.004693848
0.00087354425
0.012169014
0.0052739223
0.5672695
0.005138783
0.011735814
0.0045243823
0.0010985382
0.002914346
0.0055761565
0.26672655
0.017135791
0.9643242
0.06719234
0.4341705
0.049653932
0.0020524296
0.01621088
0.029646227
0.49714097
0.09216715
0.055143625
0.00865886
0.036927797
0.009826365
0.023228457
0.0025716862
0.009630854
0.0016614373
0.0023439103
0.3364717
