0.015179407
0.021948598
0.5341958
0.032112103
0.01595717
0.013359765
0.016103799
0.006018057
0.5637586
0.0075775296
0.027968846
0.013745535
0.007691173
0.023877366
0.017820934
0.01961303
0.011528098
0.8203569
0.008239385
0.015680218
0.011230131
0.006492058
0.01298127
0.010284755
0.0097907875
0.0053248038
0.052667394
0.015112609
0.014734818
0.013464986
0.0105837025
0.0052020946
0.0056766714
0.85755175
0.00459112
0.13617371
0.014736092
0.01201618
0.01146351
0.007465033
0.010236352
0.009146308
0.018490683
0.0062730107
0.90639406
0.44607174
0.05099114
0.015526318
0.01503419
0.035240497
0.016253494
0.030290939
0.008042532
0.013918191
0.00959301
0.041343886
0.02171827
0.008720488
0.026152322
0.027515503
0.02520617
0.014441361
0.04679627
0.81531143
0.85612166
0.039542016
0.8746613
0.010981981
0.06609211
0.036108468
0.011631962
0.116113484
0.017584305
0.02958195
0.0232354
0.009660304
0.03054963
0.043190505
0.035195917
0.010213379
0.026055438
0.0065802215
0.025720753
0.01059745
0.005441577
0.009253588
0.0074651767
0.010862004
0.0061113173
0.013402213
0.008270147
0.11087493
0.15238301
0.026110847
0.2852131
0.006083739
0.029090278
0.009355976
0.0788134
0.007388996
0.013390981
0.009938758
0.0063099056
0.009249514
0.009125442
0.011962617
0.0058690603
0.69217134
0.010338789
0.030233297
0.016285924
0.0060757026
0.013782398
0.014225931
0.014586586
0.0074228053
0.052850973
0.013962589
0.010132486
0.017738571
0.0106737055
0.0053661857
0.01073264
0.043413863
0.005501881
0.014069993
0.005703089
0.016926955
0.009608166
0.0052208784
0.008237765
0.007155736
0.011036191
0.0050131674
0.011017951
0.0072788578
0.03365783
0.010979849
0.0052828137
0.014182306
0.009601273
0.014621817
0.007819868
0.028249085
0.15129459
0.048167862
0.020582147
0.19944625
0.0068245092
0.020745333
0.04872592
0.005767704
0.113807015
0.01875228
0.12343384
0.05615803
0.007771747
0.041509517
0.03904523
0.113708995
0.0114855375
0.14651018
0.014150494
0.024776936
0.045932297
0.007107943
0.0179062
0.018787015
0.03814877
0.011469574
0.96290636
0.028451595
0.57985795
0.014325394
0.0043873303
0.009846311
0.010397874
0.98140246
0.00419777
0.92184633
0.08209155
0.05271021
0.03218911
0.078151226
0.010286959
0.022317851
0.037138216
0.009663496
0.52608085
0.24205227
0.22703956
0.03048091
0.5218223
0.06435645
0.01771118
0.021318857
0.03305551
0.6317504
0.6223574
0.8082629
0.96589893
0.11405932
0.057279766
0.80440456
0.045426685
0.037774786
0.8672948
0.8177202
0.016763212
0.033841632
0.035756886
0.015521933
0.025739653
0.03171514
0.042068284
0.017387379
0.045623127
0.07718994
0.033068128
0.011055662
0.0372305
0.019808743
0.033257697
0.009266163
0.9144403
0.039774563
0.035983253
0.04253161
0.015285387
0.024813857
0.03164529
0.044126153
0.019583886
0.6070416
0.05650942
0.101431735
0.009873654
0.023540216
0.0285449
0.6948238
0.59971756
0.016387483
0.9401883
0.038427047
0.15935089
0.010767784
0.047355857
0.022872753
0.3819345
0.69934845
0.018458685
0.042475466
0.053030632
0.7543009
0.03890931
0.26172894
0.015681382
0.038263943
0.011337985
0.016424136
0.8281048
0.15049985
0.1088711
0.96345943
0.021877607
0.6566002
0.8670214
0.6608369
0.028536202
0.21130888
0.01630321
0.022579333
0.005529155
0.015066706
0.013994681
0.014843623
0.018815892
0.007310804
0.92627543
0.018853758
0.03545804
0.019770052
0.007887147
0.016935166
0.017872103
0.06748726
0.008993316
0.010756894
0.020690283
0.02676237
0.10979102
0.009294857
0.02393233
0.031238189
0.40040347
0.01208636
0.056937322
0.015072134
0.08266518
0.014690119
0.008934848
0.012816482
0.024535673
0.02386331
0.020918569
0.04688557
0.70971084
0.86454016
0.1664745
0.07697881
0.14580238
0.033397857
0.025075927
0.030365704
0.9532075
0.056170806
0.05365224
0.024304623
0.030082412
0.0066846814
0.029747013
0.2683983
0.00888084
0.050234184
0.010034966
0.10715511
0.04640919
0.0064119566
0.02297376
0.024498357
0.04557291
0.008033082
0.98796976
0.031668197
0.026926804
0.027084453
0.049865913
0.019661248
0.03204591
0.03513126
0.010010996
0.030095425
0.043501135
0.1062485
0.90521955
0.008761429
0.040414713
0.881613
0.82755864
0.016474849
0.86916167
0.010816118
0.011800979
0.007138788
0.01016627
0.008679122
0.01010723
0.014564826
0.0066414988
0.6721611
0.031112203
0.06400991
0.05010684
0.015796322
0.04215517
0.052221075
0.08111106
0.02117146
0.9263708
0.033470195
0.035203274
0.06217205
0.011353969
0.035422463
0.029895233
0.04071307
0.014965724
0.33391687
0.014421771
0.03194474
0.020088354
0.008637724
0.017569572
0.023642136
0.027183205
0.0115924375
0.93757004
0.02625846
0.20741123
0.9008107
0.06290511
0.005891672
0.12946665
0.090680346
0.008710527
0.020454958
0.27281794
0.236953
0.640924
0.114686966
0.10006258
0.05691281
0.040449996
0.09360782
0.18786642
0.17239767
0.1775647
0.081215285
0.0245822
0.12914975
0.040541716
0.07010752
0.032635763
0.9607034
0.022127049
0.028021822
0.038744222
0.008579081
0.023066401
0.02036298
0.043002762
0.0102189835
0.40395087
0.012752577
0.019972244
0.028418778
0.01936999
0.021447875
0.020331671
0.025564501
0.016223213
0.94406813
0.017624754
0.040877823
0.030367468
0.0134231495
0.03888509
0.038615476
0.03775922
0.017428838
0.8489476
0.8010859
0.3923609
0.16180022
0.1668871
0.21404606
0.06758433
0.08899015
0.04674311
0.56550056
0.021524902
0.037128128
0.044211272
0.0070436574
0.0166561
0.018388392
0.51568824
0.007867936
0.51080287
0.043572817
0.052456602
0.84970576
0.008778261
0.026367363
0.038001157
0.9609722
0.01344316
0.97729933
0.015180342
0.022399746
0.98617953
0.005866331
0.0049076993
0.007509095
0.023119174
0.0061441483
0.95267683
0.03582161
0.044831228
0.029803121
0.012192894
0.036722276
0.023418209
0.02171331
0.025123166
0.057343192
0.78768367
0.93117136
0.58832234
0.8118696
0.27243605
0.6614639
0.9354563
0.112821266
0.24126598
0.017808765
0.01832071
0.014712293
0.01912311
0.006447369
0.021070069
0.023018269
0.0068567097
0.94339085
0.051778864
0.032067735
0.034184728
0.028137807
0.017371396
0.035581492
0.1667376
0.01101993
0.2719989
0.020731386
0.017130772
0.01703135
0.009225486
0.014460947
0.017477298
0.028237123
0.009015618
0.26750436
0.14775735
0.08489533
0.76755476
0.03682134
0.07463278
0.14999245
0.18267514
0.03538761
0.69860065
0.059671834
0.14727765
0.041985605
0.00860697
0.038659725
0.09460651
0.030548597
0.011546044
0.94059575
0.0860676
0.025807288
0.03134002
0.03053688
0.025449809
0.031350225
0.02913868
0.01304608
0.03897729
0.10595378
0.02072283
0.010813612
0.005872017
0.009800069
0.0040920284
0.006458618
0.0037184935
0.005595005
0.024729725
0.112979256
0.038901716
0.009299182
0.032866787
0.020361621
0.0374301
0.011679342
0.08332535
0.25194198
0.31274134
0.74324197
0.062478717
0.14479513
0.011550597
0.049606014
0.013601353
0.20568329
0.015909702
0.03129322
0.020753656
0.011126419
0.018355455
0.019142225
0.030043852
0.009679706
0.95715886
0.1169828
0.88467854
0.09122294
0.020460542
0.060369395
0.22570391
0.60694045
0.028465783
0.85430676
0.006144133
0.0050863293
0.0056455466
0.005483692
0.00428853
0.00529591
0.0067180893
0.003953391
0.8953229
0.06264391
0.043745868
0.04210611
0.009617699
0.027687125
0.041380566
0.058117487
0.017120225
0.97451526
0.010307136
0.03249008
0.016498217
0.008457091
0.018608605
0.020800376
0.020060794
0.009316758
0.1927661
0.013552954
0.028880937
0.020088024
0.0089800265
0.02472044
0.021010235
0.05751735
0.010304319
0.033585627
0.022754341
0.2062543
0.09769868
0.013513511
0.3540379
0.08749525
0.09985141
0.0149764
0.23249717
0.04341869
0.04802327
0.0150759695
0.055833332
0.007994546
0.027673913
0.009664674
0.00781023
0.95430976
0.03257995
0.082707524
0.077890955
0.010380434
0.034413032
0.069188826
0.1456693
0.025528539
0.89737666
0.110136665
0.35561773
0.31194323
0.07525641
0.25198695
0.32709584
0.4343575
0.14421736
0.6657773
0.043352697
0.15831985
0.1766902
0.019928224
0.06546627
0.1091764
0.24875589
0.031643208
0.13492566
0.6333666
0.09108137
0.073729075
0.10908594
0.018598767
0.38334864
0.3603139
0.029262446
0.11883512
0.063253164
0.8912229
0.025914589
0.12353641
0.11842705
0.08301859
0.7768613
0.019734664
0.25271058
0.09084926
0.069852084
0.10082078
0.022113666
0.08861227
0.08998088
0.12634148
0.035243653
0.12528874
0.51087654
0.076747954
0.94140893
0.08571329
0.8111128
0.041138507
0.05279752
0.032147195
0.1841698
0.030073147
0.13263644
0.17005861
0.081782
0.2715719
0.1132577
0.15115865
0.048735984
0.4307308
0.24701187
0.031178413
0.024946863
0.013080974
0.023481801
0.01755013
0.037751544
0.026966888
0.017005108
0.028635826
0.030795917
0.018732015
0.007750657
0.016014194
0.021974977
0.02345261
0.009566809
0.6352334
0.02706164
0.04524327
0.04509513
0.010513117
0.040917806
0.040807765
0.060158007
0.024139224
0.93798155
0.33531263
0.018880999
0.0053876676
0.07519446
0.006676364
0.023935739
0.21628463
0.13053635
0.9306874
0.022199608
0.03872733
0.022900539
0.0077549643
0.01903673
0.01718427
0.019199546
0.011135341
0.092647545
0.044652853
0.07217465
0.088446416
0.025180861
0.04793597
0.098520465
0.122039445
0.028056977
0.05503566
0.013639525
0.02555049
0.044583026
0.00874097
0.029911702
0.021372192
0.15929005
0.01490144
0.8490746
0.08283936
0.0543587
0.057625238
0.015570585
0.050065096
0.047151934
0.056916885
0.055998873
0.10264655
0.015743393
0.037001375
0.026896534
0.008385883
0.02188526
0.021798335
0.023936095
0.0100421375
0.6573118
0.033137828
0.07875611
0.02366086
0.007262493
0.030113714
0.020927507
0.90514445
0.008833681
0.66705364
0.21227682
0.9439517
0.21658449
0.10065667
0.013076174
0.027556473
0.87401706
0.069895945
0.16845644
0.010670684
0.015493202
0.0153043745
0.009498203
0.015763175
0.01713195
0.016584065
0.009065384
0.016637633
0.94006187
0.96227
0.013475229
0.030719483
0.007701805
0.038701575
0.011358609
0.90769446
0.08702387
0.022955243
0.037546206
0.03003354
0.013551135
0.03883279
0.03606362
0.044053044
0.0147721125
0.21271946
0.55169636
0.55187863
0.3816275
0.5983581
0.23852211
0.07486091
0.32067388
0.07666734
0.7921953
0.87032425
0.87911147
0.6588087
0.18160044
0.63767844
0.8859969
0.37993655
0.056284696
0.8979852
0.069336124
0.18200602
0.21389855
0.022468675
0.07103058
0.11618928
0.2768531
0.03797873
0.089988336
0.012200373
0.02789742
0.015811764
0.0071363477
0.021128567
0.015731512
0.023342628
0.006307846
0.04727929
0.019376878
0.030073265
0.018713709
0.01052674
0.017349536
0.02035114
0.03401912
0.0128674805
0.9168904
0.13952178
0.1893971
0.79354817
0.010860423
0.071412556
0.13470407
0.6526904
0.019529033
0.12111257
0.011174558
0.02656411
0.01643381
0.006952104
0.0135091515
0.014627746
0.015306706
0.0062928246
0.95617735
0.7497614
0.9044489
0.37569818
0.13275039
0.047635227
0.06678446
0.07171991
0.5531973
0.026433973
0.023905197
0.03810082
0.030371293
0.009781596
0.028507462
0.034744557
0.041908223
0.015659578
0.5760705
0.10801544
0.26286462
0.57253677
0.022299197
0.20464574
0.18704154
0.74547935
0.07121495
0.84131557
0.033991944
0.03194814
0.8887628
0.022547023
0.7924534
0.10529072
0.18047751
0.06621114
0.06255886
0.022971435
0.049469072
0.05319234
0.013773851
0.047406007
0.050400846
0.07834291
0.01451255
0.5130354
0.018052617
0.025313437
0.011036266
0.010943752
0.016246341
0.00550324
0.010147447
0.005063062
0.008959458
0.008017672
0.01386782
0.011694041
0.0054490357
0.012740227
0.009133256
0.011871486
0.005568905
0.0105969645
0.055881426
0.05606098
0.12119949
0.011438469
0.03771062
0.12780893
0.13769941
0.011806546
0.93899137
0.031661224
0.37113884
0.0086129755
0.030868614
0.0115704425
0.040721502
0.13736147
0.018163223
0.18275933
0.22655642
0.1683228
0.15932317
0.020953467
0.13420592
0.13047351
0.36019322
0.024800818
0.31846297
0.04852091
0.04889647
0.24106267
0.012621539
0.08163438
0.076713026
0.09403172
0.013071808
0.9572157
0.07450192
0.266133
0.36528516
0.03186932
0.23188388
0.21671452
0.092334785
0.048224654
0.11082423
0.2638854
0.6812451
0.10093912
0.12397596
0.13663933
0.089394316
0.059423298
0.03545224
0.6637225
0.07036877
0.26733702
0.19439076
0.026335644
0.16777906
0.14276381
0.19946772
0.027107056
0.9459578
0.0049873446
0.0047221608
0.004706091
0.023636945
0.0040673194
0.008924388
0.05107036
0.0038863316
0.0045834584
0.040789224
0.9003233
0.5572898
0.12845606
0.751574
0.10770235
0.014773335
0.036728073
0.091620795
0.03533349
0.08110949
0.12990423
0.016076926
0.0632485
0.0544941
0.08307141
0.029830651
0.8409891
0.011831017
0.0357568
0.030420909
0.008593143
0.029591165
0.017014543
0.041346423
0.014882027
0.9231142
0.05549551
0.012766034
0.05097451
0.026624948
0.5166861
0.021128532
0.052721802
0.011565286
0.04006498
0.93297875
0.046666518
0.032888547
0.01362461
0.043466818
0.03766257
0.042834606
0.05051345
0.03330031
0.1917826
0.06700138
0.90090466
0.049879443
0.015285382
0.05249522
0.016719619
0.009508688
0.9011343
0.99295133
0.01584822
0.017039703
0.018008474
0.007854545
0.010182294
0.008433375
0.011740724
0.006500792
0.029476931
0.09426239
0.08301796
0.010137944
0.043732487
0.03540658
0.09029131
0.022356434
0.9551435
0.1674551
0.77804
0.068499945
0.018560123
0.18000491
0.3255598
0.84838265
0.01822537
0.25652316
0.03270425
0.40580252
0.05446519
0.060270477
0.014489547
0.043732297
0.029819712
0.014553201
0.0916977
0.6186297
0.7036263
0.01319253
0.22273363
0.45857206
0.9475547
0.785188
0.02275078
0.080777824
0.92161834
0.010499109
0.03563459
0.018975817
0.010105213
0.005042958
0.006868836
0.006759242
0.07787435
0.022506688
0.06560418
0.06593434
0.014821424
0.047246452
0.048510175
0.101249516
0.0247134
0.9279126
0.103647724
0.09670354
0.346547
0.032425467
0.09831095
0.11097128
0.20593116
0.05070611
0.5552954
0.050451975
0.10395375
0.13007516
0.027196623
0.15239942
0.12832654
0.15825431
0.038559288
0.10345324
0.050499193
0.8318608
0.04953083
0.007873814
0.023157798
0.031315424
0.0499462
0.0151888095
0.17758885
0.028586484
0.090801224
0.14088666
0.014929046
0.053262986
0.08096643
0.026427586
0.020060431
0.811279
0.06274171
0.107087135
0.034631483
0.0050383178
0.0059539787
0.023977011
0.30522913
0.0040695355
0.0047407392
0.009430792
0.00879894
0.00467224
0.0065306374
0.0052665705
0.005363742
0.011679328
0.004576268
0.009982407
0.26587868
0.6467899
0.86558944
0.7930169
0.069052525
0.076681636
0.8377911
0.041562375
0.7422496
0.9748838
0.9329078
0.965666
0.24793069
0.054299857
0.014180229
0.8069346
0.016291222
0.9538768
0.024498919
0.029578244
0.024250273
0.0122141875
0.022242501
0.025922341
0.02957371
0.013649385
0.38894832
0.91935605
0.97306204
0.95096135
0.046508033
0.15668522
0.011324649
0.027908616
0.018442743
0.54333323
0.094280176
0.10694638
0.07274681
0.012215472
0.056210384
0.06290528
0.08930827
0.017149998
0.36079443
0.97447234
0.83402663
0.05992508
0.86256266
0.916762
0.9160409
0.9519667
0.08602409
0.095459156
0.055774275
0.02064394
0.026384536
0.02147938
0.021480069
0.02569471
0.010282919
0.006822032
0.9215912
0.123429
0.018991409
0.023544166
0.008631581
0.022923429
0.032494042
0.022309428
0.027347447
0.011166433
0.035831437
0.06371829
0.1197643
0.9653727
0.014179285
0.068645045
0.04641048
0.010679376
0.07363079
0.018845344
0.013223868
0.02811621
0.008537506
0.022036877
0.017885951
0.021620572
0.009689751
0.9557479
0.014645931
0.026556678
0.032725852
0.0094975205
0.028978845
0.020823706
0.03332263
0.008157189
0.54185385
0.03854541
0.092120275
0.13805723
0.014537099
0.04042322
0.05181856
0.076869525
0.02679201
0.71530986
0.022075998
0.017146744
0.02048236
0.008175195
0.009699328
0.015538663
0.07566275
0.016374437
0.53783184
0.1354139
0.070000805
0.28216898
0.01390835
0.17047055
0.13148177
0.16221659
0.027076282
0.7699482
0.010377175
0.062443163
0.3578879
0.066322185
0.051782627
0.06606453
0.023891898
0.014734823
0.9315126
