0.002697699
0.0024475509
0.9967989
0.0040374794
0.0021292835
0.0015026425
0.0018085027
0.0017141392
0.99136215
0.0017622117
0.0076414696
0.0020727895
0.0015048602
0.002632775
0.0018982344
0.0016760369
0.0011331256
0.1527726
0.0022765368
0.004888947
0.0048775827
0.008832801
0.009952622
0.004457371
0.002722001
0.003247601
0.040803116
0.0016023134
0.006878445
0.0015151937
0.0049519995
0.0019148154
0.0013258392
0.004077396
0.0015085443
0.01477548
0.0033409512
0.0015668682
0.0013866969
0.001696288
0.0014039308
0.0012744215
0.0014122785
0.0014441411
0.036530137
0.9420094
0.010943412
0.0020219819
0.0055249357
0.003933548
0.0015508449
0.0041901297
0.0013644149
0.0155673055
0.0011728088
0.009681018
0.0016457558
0.0015453016
0.0020532862
0.0010432232
0.0015343875
0.0013234834
0.008405911
0.033959817
0.98972017
0.004401351
0.087451935
0.0026680753
0.003989554
0.0019864624
0.0032384645
0.9931044
0.002538827
0.0028787595
0.003566461
0.002241185
0.00219357
0.0019907455
0.0017355704
0.0013617451
0.011926829
0.0014172295
0.0044907844
0.0058538755
0.0029368214
0.0025034968
0.0019476297
0.0041620377
0.0018358141
0.9895203
0.0017531161
0.013747344
0.0102453325
0.0075405785
0.009571345
0.0023907314
0.0035850576
0.0021086151
0.98888445
0.0010287847
0.0023955265
0.0015062852
0.0013403546
0.0011221821
0.0008661451
0.0014856367
0.00090980495
0.0241208
0.0013009992
0.017865224
0.002896117
0.0012787869
0.0018512737
0.000997324
0.0013344019
0.0010985116
0.005906921
0.0029232518
0.0011855003
0.020055665
0.002971257
0.0016754058
0.0012908289
0.0013815565
0.0011833148
0.006139968
0.0013137178
0.016571179
0.0032119625
0.0019926918
0.004682863
0.0013857702
0.0018511625
0.0016434035
0.0031464088
0.0017439501
0.0054467055
0.0023433322
0.001971957
0.0022202348
0.0012231506
0.0014797634
0.0010468059
0.005485987
0.0030507662
0.007589916
0.0025040545
0.0033258137
0.001508441
0.0017998022
0.0017350216
0.0011003558
0.07015902
0.0017349458
0.020366812
0.008374391
0.0027782219
0.0038194295
0.0030851185
0.0028901724
0.012040445
0.2177784
0.0020695585
0.002357318
0.0028709213
0.0013504451
0.0015404233
0.0014277247
0.0028221058
0.0019783531
0.050189935
0.003442046
0.96279603
0.012554543
0.0008469728
0.00093013095
0.0017513422
0.9920976
0.0015825729
0.99756575
0.01453411
0.0024640306
0.002690062
0.012253706
0.0019044725
0.0014515078
0.002506541
0.0024905943
0.9904636
0.99008805
0.014907449
0.0062055048
0.008222869
0.004655686
0.0027701478
0.0038267623
0.0034243106
0.98900235
0.0033962633
0.0070405765
0.0071949814
0.0041238125
0.004699546
0.005917993
0.033766966
0.0021189759
0.033238597
0.059964005
0.0016989303
0.0043301317
0.0025694026
0.0017200505
0.0016985498
0.001299526
0.0019615807
0.0012761846
0.15655048
0.03370936
0.007239347
0.0023765988
0.016155286
0.004193711
0.0036054628
0.0024304385
0.99573416
0.0014296307
0.005910434
0.0019453567
0.001979531
0.0015481795
0.0012432791
0.0018722091
0.0019076938
0.020513278
0.024303243
0.004603338
0.002503656
0.0020341265
0.003769569
0.0036165991
0.007244955
0.0014783987
0.9960967
0.0028750377
0.024907755
0.0033142387
0.00357767
0.005604584
0.9917544
0.33022332
0.0012304101
0.731893
0.010702634
0.008536088
0.0023591814
0.003072747
0.0020873179
0.0019453227
0.0017323891
0.0029894144
0.98325956
0.035246182
0.0060683237
0.011266006
0.0041351826
0.015541584
0.008772468
0.04175613
0.015142429
0.09381398
0.0064154877
0.9625741
0.0030847942
0.0042904275
0.0024055955
0.00313114
0.0024288415
0.003662032
0.0034544838
0.0012075271
0.015353462
0.0021979434
0.0017115443
0.0027150817
0.00095296785
0.0027268447
0.0027071852
0.0024700444
0.0019263217
0.0066035036
0.006645159
0.002205821
0.0017433385
0.0016400936
0.054678753
0.001256842
0.6963731
0.0013924926
0.002532889
0.002126089
0.002632488
0.0019202348
0.0013370914
0.001708079
0.0022305436
0.001457543
0.97684675
0.029043935
0.0033890235
0.0020646078
0.0033949066
0.0021797293
0.002249937
0.0013324189
0.9878976
0.002652538
0.0022750448
0.0013968134
0.0025002833
0.0016431548
0.0022518337
0.0036958456
0.0015807075
0.06769255
0.0017363316
0.0020676432
0.0015405429
0.001367413
0.0011824354
0.0010243193
0.0017438765
0.0014704408
0.9966505
0.002815494
0.001704589
0.0032723718
0.0111409975
0.0024641317
0.0014186015
0.0018843155
0.001797232
0.003509908
0.00297666
0.0056886207
0.005237862
0.0017175705
0.0016915642
0.002992881
0.008693588
0.0036938468
0.034573533
0.0027042902
0.001829402
0.0019162224
0.0013512806
0.0016008017
0.0013243607
0.001659948
0.00127818
0.9362434
0.001404234
0.010167173
0.0020665438
0.0017820968
0.0021308651
0.0011340643
0.0014252153
0.0038779287
0.6230187
0.0017933998
0.006565838
0.0028795726
0.0022174781
0.0020417355
0.0016405979
0.0023436348
0.0016331853
0.9795227
0.0013601345
0.002905251
0.0015878616
0.0024196717
0.0015893327
0.0013014235
0.0015085592
0.001263672
0.009648913
0.012289775
0.008493267
0.018211462
0.01548194
0.0031914578
0.0064585535
0.014417686
0.006317645
0.98824584
0.012404887
0.02893381
0.0104573
0.006027552
0.023742447
0.0048105507
0.0037398941
0.007293415
0.009514729
0.0022211932
0.005334078
0.0028468831
0.002318281
0.0017781468
0.0021440429
0.001530114
0.0015776956
0.9922236
0.0028638265
0.0072073666
0.00341685
0.002276664
0.0021206741
0.002763826
0.005077691
0.00406065
0.021759156
0.0013879422
0.0023944664
0.0015975037
0.0016309595
0.001170835
0.0010730817
0.0013284014
0.0011356041
0.03949407
0.0017148472
0.004473393
0.0027069747
0.0027918734
0.0021497135
0.0018407336
0.0026143636
0.0021226897
0.011880831
0.99674404
0.012200232
0.018716455
0.0038395268
0.0044694175
0.0038885463
0.002534007
0.008989353
0.9920455
0.0012663351
0.0093886135
0.0023459746
0.0015411346
0.00594467
0.0010623959
0.0019149682
0.0010516691
0.97499233
0.001553273
0.011135259
0.002114455
0.0019028145
0.0020540766
0.0014826634
0.001589636
0.0018736381
0.017432116
0.0165344
0.4346775
0.9937516
0.0020770468
0.002507029
0.031755727
0.8115186
0.0021802317
0.9927685
0.0021323022
0.011064811
0.002431685
0.0026788954
0.0029718976
0.00194563
0.001675561
0.0026774344
0.002543653
0.42469412
0.007882555
0.0021636484
0.007228616
0.0088947825
0.0017821444
0.0070392946
0.00222183
0.005821795
0.0019549855
0.0020047359
0.007241686
0.004511125
0.0029476534
0.002780817
0.0017436099
0.0019961933
0.016030217
0.9607185
0.0018927326
0.22550517
0.007754573
0.0018293349
0.0013728382
0.9905785
0.0060668667
0.99696404
0.0014372863
0.0032134994
0.001960223
0.002292207
0.0011582403
0.001290537
0.0017147275
0.0014523201
0.35183153
0.0013821551
0.025397109
0.0029340696
0.0023831686
0.0029198402
0.0013395451
0.002421142
0.0014439734
0.41852373
0.0019098547
0.0031478552
0.0020158687
0.0022171035
0.0014739801
0.0032853505
0.0012820511
0.0014392288
0.049302842
0.05462419
0.0025954165
0.0051888754
0.004317878
0.0030189515
0.005591165
0.0013970069
0.0037563962
0.012734306
0.0010118309
0.0014800454
0.0014543334
0.00083714
0.0008226292
0.0014845104
0.00085562165
0.00082923385
0.011457111
0.001010437
0.002748249
0.008785616
0.0016564028
0.0036466606
0.0011115352
0.0016935237
0.0021669632
0.002678308
0.0030275763
0.0089090755
0.016145242
0.0015658136
0.051412415
0.0024662942
0.0011801999
0.0036976647
0.9903516
0.0010656717
0.017188184
0.0038618247
0.0017375803
0.0014369272
0.0010408991
0.0014007983
0.0015591289
0.023508111
0.001321139
0.009376865
0.0019764747
0.0018996669
0.009900797
0.0013024529
0.0027240028
0.0012404033
0.0032947806
0.0016361238
0.0061538536
0.001955819
0.0037396594
0.0014395979
0.0038606466
0.001873444
0.0013915378
0.007854839
0.0020004632
0.003205244
0.0031989221
0.0022030626
0.002652914
0.0016228226
0.0018817767
0.0017422738
0.051568624
0.0017764805
0.0049294783
0.0020111804
0.001847696
0.0029494322
0.0015323783
0.0017094833
0.0014340914
0.0101981005
0.001970477
0.003919668
0.0020904215
0.002314116
0.0019891867
0.0015238952
0.0018302483
0.0024148498
0.00876096
0.0018828376
0.010429891
0.0032386295
0.0024483611
0.0034713156
0.0018997651
0.00264409
0.003083736
0.014322118
0.0037577236
0.050945137
0.0012659773
0.009952335
0.0017304852
0.0023463985
0.0014063611
0.0034539283
0.06206778
0.0010403789
0.008500899
0.0026362662
0.0011361116
0.0011481926
0.0009874979
0.0019576394
0.0014480352
0.99596465
0.0016217761
0.007551549
0.0022559622
0.0013828364
0.0014516896
0.0012436082
0.0032042316
0.0025715018
0.060184762
0.0011112146
0.012508222
0.0016393971
0.0012165683
0.0011849914
0.0011215617
0.0013296438
0.0013429724
0.0018751962
0.009728674
0.013685592
0.008756062
0.0084374035
0.0038469692
0.010662217
0.0045619924
0.004732436
0.018056689
0.004297076
0.9933576
0.0076240636
0.009469405
0.0016515052
0.0022461652
0.010750325
0.013015428
0.9791949
0.0010617668
0.013882386
0.0032745828
0.001754963
0.0024943764
0.0011366635
0.0036134839
0.0015212127
0.619462
0.015028992
0.0021342984
0.0046745916
0.030189183
0.0042310483
0.0019056074
0.0019228738
0.0016058501
0.0375405
0.0016044644
0.0030178656
0.023667723
0.0019166346
0.0014737796
0.0014479243
0.0026037206
0.0013398645
0.0028579575
0.45146406
0.0076657576
0.0017021501
0.0015367161
0.0013642595
0.0010875901
0.00096157973
0.0012259299
0.0011444683
0.0031066202
0.0091482615
0.0043315697
0.0026379067
0.0030386057
0.002810204
0.0039684
0.0019210231
0.8146487
0.0013390527
0.006757659
0.0021335578
0.0022574274
0.003208082
0.001326021
0.0018050309
0.0015949106
0.010910578
0.0035903687
0.0023925516
0.0021753167
0.005710645
0.0022592582
0.0019180356
0.0024760806
0.0016858763
0.23027305
0.0018080038
0.004982598
0.0027572506
0.002418676
0.0032801807
0.0016329157
0.0024129886
0.001870356
0.006172261
0.0016643691
0.0019907765
0.0027524387
0.0017512781
0.0024554005
0.0017079156
0.0028712286
0.0013053851
0.013885321
0.0013143205
0.0054251156
0.002570996
0.0013461504
0.0012775607
0.001028998
0.019038582
0.0011960149
0.031825535
0.001132843
0.002011434
0.0017557152
0.0019986888
0.001875675
0.0012011686
0.0018102651
0.001112493
0.006509088
0.002692111
0.005774971
0.0032598928
0.0025343825
0.002755841
0.0038225271
0.0023911088
0.0016929485
0.99533916
0.0056563606
0.0044563236
0.0017958399
0.002150047
0.006353432
0.002403942
0.0036292812
0.0014624068
0.9953929
0.0031014076
0.012141591
0.0013940422
0.004589265
0.0020187872
0.0027493953
0.0036756364
0.001101603
0.017535036
0.0015793977
0.008124055
0.0027262012
0.0016901102
0.001828642
0.0009962618
0.0021742897
0.0036077504
0.008109612
0.01027217
0.9805345
0.0014454059
0.0032471635
0.0029415914
0.0018529954
0.0034599632
0.19343856
0.90818197
0.0011545501
0.009955717
0.002526917
0.0016918001
0.0014805186
0.0011438652
0.0024812524
0.0012505875
0.0052811187
0.96634334
0.053370487
0.9836128
0.049987353
0.0033888149
0.0330931
0.0029129297
0.0036322898
0.95775247
0.0076640258
0.07525957
0.0077225408
0.0017329113
0.0023366092
0.0017956275
0.0019579662
0.0037190903
0.037881233
0.0014510418
0.0064104283
0.0051656296
0.0019611674
0.002223016
0.0015166252
0.0073357094
0.0013919476
0.01734962
0.001247988
0.0074415207
0.0020970234
0.0017026144
0.0017367438
0.0010980143
0.002205524
0.0015795232
0.017405216
0.0012561295
0.0062120454
0.002245365
0.0016593137
0.0010662125
0.0012347201
0.0015431361
0.0013705856
0.96076554
0.0016794285
0.0038004061
0.0065245894
0.0022293855
0.007972299
0.0030026452
0.004212405
0.0018268855
0.96693367
0.001670583
0.005169786
0.0039047166
0.0022563748
0.0019686338
0.0014592131
0.0029578924
0.0015510443
0.87995535
0.9950309
0.9811445
0.018334037
0.0031106418
0.0058686202
0.0034942972
0.0022220295
0.0017973678
0.0014901495
0.0015731447
0.0028271845
0.0018934965
0.0014654979
0.0012737829
0.0011604715
0.0013993343
0.0011738861
0.9353425
0.0017585297
0.0037932177
0.002380777
0.0021845256
0.002195801
0.0015293261
0.0017820129
0.0019253091
0.011476733
0.0021223167
0.0027841853
0.0032959643
0.0029613539
0.0025169628
0.002867146
0.006103705
0.0017490184
0.008939769
0.0014774131
0.0045735007
0.002491404
0.0028823281
0.0044961125
0.0014878303
0.0033031404
0.0017498292
0.40805668
0.99072886
0.9359248
0.004122147
0.0057038274
0.06341343
0.0013435862
0.0020660507
0.0071238386
0.007854827
0.001281784
0.006232896
0.0021022386
0.0019238008
0.001511103
0.001177385
0.0019625097
0.0019399282
0.0045099803
0.0016593027
0.0031139457
0.0043620323
0.0021960414
0.002085288
0.0017309445
0.0027001093
0.0012413003
0.9537454
0.005563544
0.0055412813
0.0021255768
0.0045989184
0.0035677627
0.0039520175
0.011928242
0.0017198931
0.015658282
0.0011070988
0.005904667
0.0019477269
0.0018219355
0.0017369521
0.0010101926
0.0022403975
0.001234487
0.009104309
0.0015126923
0.004557245
0.0036456375
0.0016610292
0.0017745675
0.0029592847
0.0062520253
0.0019914794
0.071098134
0.024173671
0.008433189
0.012439019
0.0035201057
0.0037843983
0.0054601263
0.005843016
0.0032069192
0.7472368
0.0040577934
0.0018605024
0.002411808
0.0028660712
0.0021901892
0.0018140017
0.0015332648
0.0013544032
0.9966717
0.0012423523
0.002977799
0.01074621
0.0018820517
0.0020974746
0.001114671
0.001851994
0.0010777751
0.08892882
0.0037441985
0.00074477744
0.0019343456
0.017996762
0.001338929
0.013994015
0.00074260257
0.0008409277
0.0070999446
0.002257998
0.007294297
0.005022141
0.003157203
0.011473329
0.0019071962
0.002719819
0.0029315471
0.01098991
0.0013351177
0.0033204292
0.008971498
0.0026373987
0.0017470553
0.0018712301
0.0021847866
0.001528031
0.0048254924
0.0015379133
0.0077287755
0.0022618559
0.0014646744
0.0014380694
0.0011106982
0.0016266791
0.0011163788
0.24775931
0.006328493
0.0030160684
0.015880411
0.002630062
0.0029620028
0.006763368
0.014675148
0.008987228
0.14268129
0.9920191
0.0027284964
0.006634931
0.0018117478
0.0016153735
0.002171293
0.0019501288
0.0017852201
0.0012133706
0.047698442
0.0014674515
0.22060627
0.0023170493
0.0014284659
0.0012900835
0.0017271582
0.0020034502
0.9959636
0.9947332
0.001642859
0.0013153676
0.0027352795
0.0012599743
0.0013055436
0.0016316364
0.0010836485
0.0009486255
0.0019821986
0.0056841406
0.0024947394
0.003003931
0.00266802
0.0018929456
0.0018252218
0.0020829677
0.93717545
0.0073526204
0.0071757184
0.0025827913
0.0025346403
0.0022336373
0.006418039
0.07238075
0.0020362148
0.9891005
0.003040483
0.0028273272
0.0018550907
0.0031632017
0.0023198933
0.0019975132
0.0016486149
0.0014502652
0.0033144127
0.011088758
0.0076728063
0.0025270607
0.0031579584
0.003301987
0.0035259465
0.014554042
0.004229354
0.010948391
0.007428498
0.006507448
0.7880856
0.002355925
0.004571099
0.0036435744
0.0019921944
0.014124488
0.017688418
0.0017855653
0.0059508807
0.00566509
0.0017118267
0.0021881992
0.0012642271
0.0028821814
0.0013136769
0.51528543
0.0015290468
0.007268746
0.0021972388
0.0014566527
0.0016874552
0.0012453615
0.0015724917
0.0011864887
0.7844994
0.002920109
0.004655591
0.0061889724
0.002860793
0.0037830083
0.002054991
0.0020398325
0.0016139477
0.0030420872
0.0014254756
0.0022893206
0.0014472373
0.0012769467
0.0009837946
0.0009856202
0.0010989674
0.0015260964
0.6100788
0.0024651955
0.0033626826
0.011059577
0.0025829857
0.0023077154
0.0030102988
0.011265997
0.0019063152
0.018923152
0.9970426
0.0015737546
0.013645983
0.0011873657
0.001772077
0.0032426235
0.009466118
0.008244667
0.0018544156
0.0024699292
0.0021668582
0.002019777
0.0011861956
0.0013704697
0.0012722202
0.0023477841
0.0013341551
0.0025012405
0.005893428
0.46003625
0.002204018
0.0016183372
0.0015565909
0.0012899766
0.001220217
0.0037437247
0.992636
0.5056435
0.93373626
0.0068408353
0.0056695263
0.002812778
0.003113001
0.0042847064
0.003415838
0.99303424
0.0014606699
0.0068896604
0.02600791
0.0012827928
0.0018216913
0.0013276862
0.021943152
0.00091034465
0.08397082
0.0026315097
0.0017637786
0.00790869
0.0032636812
0.0032841382
0.0031074667
0.0015610534
0.0026806942
0.22332118
0.00093411264
0.036824588
0.002031055
0.0014239968
0.0025110273
0.0009916445
0.0016152046
0.00096086354
0.007144722
0.7315075
0.04920008
0.003016066
0.0047694608
0.0041980776
0.43499836
0.0027453774
0.008107011
0.011113938
0.012416689
0.0017467034
0.0022130862
0.00867174
0.0021117553
0.0019288032
0.0022626836
0.0018369597
0.9945344
0.98544216
0.0018952313
0.006860989
0.00196696
0.0023070606
0.0011555086
0.0015312774
0.0013592573
0.0012311732
0.0032129935
0.0033338643
0.014827597
0.020529054
0.0022437267
0.0028311512
0.0020729548
0.00206866
0.005265715
0.001813111
0.002348727
0.001939049
0.0017953069
0.0017363918
0.0015928055
0.0015610053
0.0012873083
0.9028086
0.0008591342
0.0013665431
0.003739814
0.0013540799
0.0015326929
0.00087439467
0.0009292003
0.0013055865
0.003233163
0.0020331885
0.0058126813
0.00239442
0.0023860303
0.002477549
0.0015542059
0.0016460115
0.0016215994
0.012780463
0.0023360904
0.0012327748
0.0015509302
0.001304447
0.001280874
0.0009871081
0.0014148665
0.001592788
0.43653157
0.88762367
0.005192354
0.006725268
0.0036244413
0.0072881198
0.015906801
0.01719323
0.0020859716
0.062420886
0.005673534
0.0068062437
0.012616986
0.008593203
0.0017285087
0.004285787
0.0018963938
0.003678451
0.98664945
