0.13877885
0.13531405
0.12615447
0.34938765
0.11658974
0.07978844
0.14383812
0.2374683
0.25090784
0.041678827
0.046098076
0.0140521135
0.025935156
0.027454345
0.021221353
0.031283528
0.041187584
0.030062528
0.037234835
0.022752093
0.01335489
0.010381004
0.076816596
0.023922063
0.015993962
0.024343647
0.020424332
0.5644865
0.15141797
0.1403163
0.1834337
0.14764757
0.3512468
0.1678548
0.29989958
0.59292394
0.12586425
0.031642843
0.016854016
0.024314566
0.049974088
0.038296353
0.02627095
0.060896456
0.14064209
0.42660487
0.021253174
0.02579011
0.020826409
0.040646758
0.24729086
0.02539706
0.06309198
0.090615064
0.097919814
0.10020207
0.012153528
0.017625121
0.0258473
0.020450078
0.02339098
0.028488752
0.033593528
0.1570811
0.082704455
0.19008352
0.19789726
0.10292713
0.1338435
0.063104644
0.106551066
0.29312268
0.0922138
0.18286453
0.05555361
0.056984764
0.12591223
0.097383425
0.106256664
0.11822603
0.098283626
0.2229442
0.14107676
0.07672671
0.09925981
0.13802443
0.13400082
0.13174552
0.14564076
0.28899547
0.116131075
0.10212236
0.053497605
0.18635537
0.09458166
0.023569299
0.21541427
0.097400606
0.09381078
0.018722832
0.012410242
0.006459623
0.008507299
0.009735412
0.008114142
0.010945606
0.009180459
0.011720857
0.071557105
0.10304223
0.024875715
0.02548409
0.05401506
0.042734206
0.051135223
0.05426815
0.043187376
0.008378465
0.015362502
0.01971028
0.1709983
0.012150443
0.15384391
0.34794977
0.029654486
0.03671343
0.031552244
0.016418414
0.0051473677
0.0067462325
0.0072292266
0.00594335
0.0071303723
0.014015974
0.018725967
0.12050292
0.19063108
0.017715985
0.024855603
0.04970305
0.052327815
0.056679707
0.046430867
0.037321292
0.11020847
0.06297988
0.060665008
0.06552786
0.07687652
0.083752856
0.05512996
0.05914731
0.061566763
0.13190337
0.25063944
0.10078548
0.041288447
0.067327596
0.10921916
0.10309391
0.13715026
0.20008247
0.17744374
0.14574513
0.025125729
0.016077235
0.038696118
0.030636858
0.024904924
0.045942083
0.07080502
0.03803562
0.02275174
0.022655293
0.012850791
0.01891737
0.07564628
0.39871663
0.05898669
0.06018491
0.05409033
0.10218026
0.10173803
0.33325633
0.046369117
0.25946736
0.079568215
0.15868033
0.26263383
0.074001975
0.043773524
0.10346681
0.120303765
0.15470007
0.05954175
0.09583003
0.047296654
0.0912343
0.020256821
0.03162791
0.023998741
0.026171707
0.02000053
0.026174545
0.04061885
0.026716705
0.031096727
0.089339375
0.07203411
0.058925897
0.034655172
0.03338109
0.03775303
0.05406554
0.03556951
0.057332557
0.034365233
0.12942447
0.33496374
0.025622144
0.052562747
0.33702958
0.05345061
0.09094143
0.6422553
0.25682285
0.1606781
0.04915851
0.06853931
0.22271541
0.047443327
0.05648175
0.08248016
0.33047295
0.2106885
0.24164048
0.07208944
0.46384215
0.22668721
0.29179263
0.27708042
0.2612676
0.45195976
0.015403042
0.010587576
0.009557552
0.021321386
0.016857894
0.022782749
0.015425666
0.013295752
0.013793999
0.107487805
0.039600708
0.040281236
0.04593614
0.028530022
0.022541566
0.07010442
0.06459066
0.07258067
0.062345576
0.08966463
0.10390094
0.068518266
0.19656776
0.06697394
0.13050467
0.081926204
0.11712641
0.03389134
0.043969546
0.020879125
0.022169406
0.107232414
0.043011006
0.045259174
0.06209296
0.07900754
0.25296527
0.30390912
0.016954264
0.04241404
0.038467303
0.030061128
0.042812962
0.026741583
0.05121461
0.21163073
0.25442806
0.032673102
0.021143507
0.13782524
0.022162167
0.055214286
0.06940293
0.0581824
0.07642211
0.06107218
0.007976012
0.018695876
0.011478137
0.01710713
0.012688212
0.020205893
0.028675392
0.18560533
0.25967836
0.28276804
0.27515405
0.2251221
0.20345186
0.2230649
0.19920093
0.1303884
0.024027467
0.06033241
0.03709215
0.041749775
0.029384574
0.042432092
0.02739014
0.06971945
0.04982214
0.09052205
0.069143035
0.21582977
0.06083497
0.38400936
0.2933951
0.24494685
0.17737031
0.39361185
0.028455215
0.031427868
0.023216056
0.31989354
0.024507772
0.33026198
0.058735322
0.0487886
0.107561916
0.4044603
0.5396708
0.17397355
0.08805575
0.31533238
0.35630378
0.16874644
0.16518226
0.2501255
0.051896248
0.022283379
0.020203039
0.04429583
0.058624953
0.030381046
0.022241428
0.06757796
0.09855901
0.07727502
0.3064333
0.080572374
0.03764961
0.11929881
0.15486953
0.08682984
0.23364875
0.20916045
0.2015518
0.44056782
0.074805796
0.054265957
0.051862657
0.21932349
0.146412
0.07677582
0.1732832
0.13693744
0.12621169
0.053705215
0.071299054
0.15105985
0.04754993
0.07177061
0.08704177
0.115146995
0.045506656
0.021466276
0.043482125
0.06735354
0.022869064
0.03824303
0.04396977
0.046206433
0.04504932
0.037840143
0.06224394
0.18102656
0.06456109
0.06326304
0.054690942
0.057868484
0.085676625
0.080966175
0.08389339
0.45416614
0.039272513
0.041917507
0.20522374
0.59314793
0.042730574
0.13013138
0.09299562
0.0677473
0.051348142
0.015329979
0.022160953
0.04686421
0.029595388
0.03536158
0.042438865
0.04057932
0.10901068
0.17690916
0.101732776
0.05856609
0.18871768
0.09677442
0.07937661
0.11551764
0.1659077
0.07918147
0.11481111
0.09657258
0.09129745
0.19425344
0.091895714
0.1962906
0.16517814
0.1158466
0.10672441
0.10424365
0.11587354
0.13262314
0.079631634
0.059705228
0.066335365
0.085329466
0.10594576
0.04765321
0.03322827
0.009846514
0.00954451
0.012688452
0.014593026
0.014718488
0.019590594
0.03830686
0.8493569
0.87036496
0.31277126
0.33469644
0.7786455
0.5053992
0.49252078
0.6662763
0.49132267
0.13403283
0.24530424
0.43989965
0.1272586
0.19093016
0.5235268
0.23872471
0.22121042
0.18574226
0.10395734
0.055714708
0.08054773
0.07086992
0.1490821
0.08309952
0.088961214
0.13057376
0.07271085
0.23808016
0.093859494
0.06845659
0.10000873
0.12533948
0.15613517
0.11775866
0.12242496
0.14762959
0.3044667
0.049573552
0.09291012
0.044113006
0.031984087
0.04561917
0.04566589
0.107942514
0.09091882
0.057848964
0.11783463
0.08547218
0.09317375
0.07344838
0.08391206
0.10260534
0.13428405
0.119275086
0.050844535
0.026456645
0.025437096
0.021788653
0.059845414
0.030517112
0.026381483
0.086335674
0.06629032
0.07475431
0.08409843
0.063517615
0.027619964
0.11910446
0.08253878
0.07587116
0.08488745
0.07882671
0.26283672
0.3501467
0.033514034
0.02845225
0.06685608
0.0489257
0.042618006
0.09952831
0.23746045
0.26540017
0.3690537
0.3139205
0.40437648
0.216332
0.3254509
0.29419518
0.3424016
0.25103927
0.027944684
0.01665983
0.034546208
0.053426906
0.04876951
0.0067320494
0.0132070435
0.011741165
0.0064101685
0.33022997
0.2063696
0.10031935
0.09975701
0.36324087
0.05453649
0.19440912
0.078676246
0.1026787
0.104140714
0.08255153
0.18246496
0.07204421
0.13847372
0.07026299
0.20351957
0.11263504
0.39590934
0.061159533
0.058753997
0.011322957
0.014957941
0.010734501
0.019856894
0.02055909
0.01627397
0.026224688
0.24890321
0.27402425
0.06774751
0.08252083
0.1528096
0.11296879
0.11139251
0.12528443
0.20238028
0.18734682
0.010994823
0.013685029
0.013226673
0.007820953
0.005508483
0.025888916
0.008447773
0.02673691
0.035368696
0.0272583
0.016147697
0.013978558
0.020442955
0.022795225
0.019103188
0.025942927
0.032145884
0.038649358
0.053606216
0.015149203
0.021104624
0.01801253
0.045816816
0.022263523
0.017318211
0.024680953
0.27695793
0.34399405
0.042607274
0.10071379
0.07440053
0.022442363
0.05859636
0.111870535
0.122798525
0.9423901
0.8937143
0.34420675
0.20717587
0.67957675
0.2914122
0.39953357
0.5343658
0.67557395
0.044109438
0.05828975
0.061630365
0.05900388
0.034689575
0.028063724
0.036415026
0.044011306
0.14308931
0.13308091
0.18481348
0.25220668
0.04678736
0.41384467
0.21816976
0.44843978
0.2781218
0.22714584
0.035250466
0.022065232
0.019328298
0.016881868
0.036399554
0.031403817
0.022919288
0.035294235
0.045411803
0.5268853
0.83321214
0.077983595
0.09863874
0.23554298
0.14560746
0.19720793
0.16804409
0.6798464
0.09397491
0.23060262
0.20145969
0.2670749
0.12027133
0.305778
0.3601351
0.24865176
0.29193303
0.04736092
0.054651
0.034252983
0.07605548
0.06487478
0.04985348
0.07419271
0.051997337
0.04942657
0.5113788
0.62784684
0.24916665
0.099083774
0.57858807
0.3283278
0.43322554
0.4628131
0.44968954
0.016647054
0.040786203
0.032127056
0.018605802
0.0385258
0.050695658
0.034029502
0.026823414
0.038805258
0.22284628
0.062962234
0.08513988
0.06333719
0.18493274
0.061491087
0.13702483
0.14273943
0.094603464
0.004725235
0.0037338682
0.004550744
0.003571068
0.005300422
0.0063265446
0.005874555
0.0050970702
0.005981752
0.62807703
0.24530163
0.076824285
0.06706813
0.3034736
0.081894375
0.12764387
0.1006091
0.21207449
0.084097005
0.27132732
0.05311701
0.045119308
0.06595306
0.049601614
0.064976014
0.103104055
0.3205646
0.038646027
0.05265632
0.09527969
0.5007341
0.03660035
0.20170249
0.3430132
0.052742578
0.42510992
0.0046842988
0.0016297925
0.003728746
0.0023097147
0.011626438
0.0061695892
0.0048998864
0.012097997
0.0063871974
0.01750707
0.008033655
0.009121428
0.007192996
0.031565998
0.018548632
0.017977268
0.013960479
0.014482568
0.1036923
0.06776859
0.01703292
0.018568259
0.06370365
0.018549193
0.03653448
0.036541667
0.029359741
0.20174445
0.2126645
0.010582065
0.04347924
0.029230647
0.012333026
0.018441796
0.043152075
0.05672018
0.09551768
0.09529333
0.026430286
0.024655359
0.084300056
0.048082665
0.036504712
0.08520846
0.113460064
0.02967089
0.01158774
0.039516915
0.01286716
0.02431754
0.056706585
0.028715111
0.024008904
0.041261442
0.06615497
0.16267698
0.20290856
0.06918608
0.059416078
0.123174414
0.1462973
0.13619676
0.09929132
0.108821705
0.22175854
0.012619806
0.024932979
0.046060525
0.019258423
0.046527836
0.022084346
0.08873752
0.101907626
0.09461783
0.0974503
0.07688966
0.07343352
0.1281207
0.098592706
0.11195157
0.108324684
0.03142597
0.028465327
0.013153509
0.01775161
0.022626597
0.01819667
0.016433373
0.02003202
0.042401776
0.21777068
0.21363917
0.21730305
0.33285376
0.3032401
0.13942875
0.25176677
0.21515198
0.3173715
0.08081462
0.05226638
0.04419958
0.04114766
0.06779498
0.084952794
0.078449234
0.06316893
0.057644702
0.22154562
0.52734905
0.07875327
0.044644833
0.20961417
0.14503273
0.15506063
0.087901115
0.11772018
0.2024424
0.25911936
0.024532927
0.03254223
0.107797645
0.054174688
0.06531539
0.031486873
0.104841724
0.14104319
0.5010706
0.017851112
0.027062664
0.052295037
0.021477094
0.033384357
0.041914377
0.078995906
0.25818545
0.23989467
0.07794702
0.07662955
0.17901337
0.13013157
0.095437676
0.16638766
0.23087473
0.04403285
0.03509537
0.012876477
0.017337952
0.038235962
0.019477867
0.01960151
0.025147688
0.030525561
0.31597972
0.20118894
0.17900507
0.07105168
0.08811207
0.258991
0.116921514
0.17534167
0.18225601
0.046555534
0.09979576
0.05985122
0.04174259
0.05510847
0.045768574
0.037269432
0.04856646
0.12991397
0.2798272
0.37285122
0.14219688
0.12188495
0.23713134
0.21105966
0.22849649
0.19141756
0.24034627
0.16131362
0.115834616
0.19268905
0.0956155
0.1783465
0.21244745
0.17597844
0.15456964
0.18888149
0.26165092
0.17620932
0.035359286
0.04313628
0.09665807
0.030551916
0.041469432
0.15411068
0.11511968
0.0040283296
0.006588667
0.0053722234
0.007800902
0.23189446
0.008136074
0.26098526
0.010280699
0.008664117
0.06693164
0.18564425
0.047510456
0.048082694
0.14918137
0.017043974
0.089184314
0.075416304
0.044276148
0.018419432
0.040515624
0.028099356
0.015857296
0.10716524
0.09440113
0.061988313
0.04378678
0.05560842
0.16293514
0.065164626
0.043467686
0.2877944
0.21093288
0.12909375
0.12607537
0.09919636
0.18961586
0.50357836
0.46389136
0.022714553
0.03780204
0.031928483
0.03542833
0.051519774
0.031807445
0.06732139
0.09157751
0.08876778
0.041964643
0.015300039
0.21098694
0.09549532
0.06941689
0.051003926
0.0760851
0.13635632
0.097052194
0.16240425
0.08394288
0.1810677
0.098813854
0.2034126
0.14394501
0.36890993
0.06261379
0.0842543
0.07083443
0.13050072
0.076598614
0.08329189
0.19438545
0.116955206
0.14950098
0.571826
0.5835944
0.16756183
0.11232265
0.34195116
0.13234533
0.22459456
0.19735453
0.5121798
0.00491434
0.002471599
0.0060281926
0.1818782
0.0040549096
0.002552047
0.06401909
0.0055377497
0.009289456
0.47319913
0.5749088
0.22822703
0.33434412
0.4592518
0.57686186
0.33082002
0.22249739
0.33417693
0.04805271
0.03257123
0.036206547
0.014831084
0.10482868
0.034191333
0.056207318
0.061764035
0.06890891
0.036023047
0.03405691
0.0039901226
0.0086585665
0.006581071
0.0047539035
0.006380802
0.006691968
0.016105006
0.17614442
0.13387018
0.45315486
0.2707682
0.31989124
0.18741599
0.35100403
0.2737136
0.21727066
0.24969499
0.08521114
0.33619288
0.088575825
0.1305687
0.30064172
0.10444657
0.110989876
0.14511506
0.039566208
0.07333026
0.073147774
0.040030435
0.031090021
0.05027603
0.08459094
0.05921108
0.094304144
0.15322769
0.08299449
0.08842728
0.06389432
0.07689692
0.126972
0.06572923
0.13090526
0.1385461
0.18576112
0.28424555
0.3698436
0.098668486
0.549294
0.50476074
0.35690227
0.48013848
0.37234813
0.23980111
0.13856173
0.27091473
0.11115203
0.38619754
0.18115263
0.2681557
0.2269676
0.3521693
0.3762514
0.028405402
0.03933049
0.12545517
0.053658713
0.42513987
0.41968533
0.11344769
0.14172967
0.48551506
0.044116966
0.060764845
0.18668982
0.5562637
0.054787535
0.14615566
0.10666428
0.08843521
0.21690287
0.09428747
0.35133335
0.15703496
0.3595851
0.08165793
0.16759521
0.2201709
0.559588
0.10521109
0.16712534
0.13777998
0.12418221
0.36691895
0.12579176
0.17892772
0.20222853
0.18675144
0.45751506
0.48472592
0.25263953
0.09932456
0.35381383
0.15185295
0.2342833
0.32220456
0.49982983
0.024068091
0.023357077
0.020539215
0.01687387
0.03278999
0.03150002
0.032290526
0.039882056
0.032955978
0.26877242
0.22399165
0.09492187
0.07734438
0.31449685
0.21323562
0.13544595
0.22685356
0.2355933
0.35309184
0.29403722
0.39281335
0.14760031
0.32174298
0.40684694
0.3708296
0.36151755
0.3338261
0.012840458
0.035253704
0.11703827
0.017780062
0.14855085
0.1691915
0.059442002
0.05313376
0.042055897
0.530315
0.5069943
0.2147651
0.69082123
0.45645303
0.28860924
0.40245867
0.51241297
0.46467972
0.02573996
0.053930376
0.032980938
0.025061393
0.017363148
0.03105056
0.031128697
0.021551112
0.06654193
0.035034597
0.05725898
0.2099203
0.14913867
0.09664344
0.22041029
0.09753138
0.056974683
0.30871534
0.0185183
0.024968414
0.019524738
0.01648003
0.024849076
0.014561772
0.020930951
0.023668671
0.023200814
0.17343986
0.2563798
0.30187368
0.46675867
0.3323818
0.16558011
0.18497285
0.21702011
0.24513674
0.12044673
0.3313243
0.012387335
0.022662299
0.049329396
0.026101876
0.025307454
0.021119516
0.05075077
0.2711138
0.25973067
0.08702873
0.2212091
0.1481618
0.16158317
0.22389182
0.13839199
0.3285146
0.02624539
0.03824745
0.028913924
0.030804493
0.01673626
0.016371457
0.02825002
0.024220362
0.044522103
0.5324284
0.074890494
0.35451734
0.067876264
0.12049964
0.28305167
0.039645784
0.07122798
0.12716657
0.035033993
0.019207722
0.015178924
0.015763631
0.07375868
0.024459284
0.017376339
0.03521604
0.033475615
0.04517767
0.050309766
0.04615873
0.024874263
0.034423675
0.06181113
0.044229984
0.06736536
0.07717751
0.1501751
0.03331177
0.034906212
0.047546327
0.06444403
0.11582351
0.074015096
0.054099083
0.12247246
0.027012354
0.015425343
0.008832219
0.0067164674
0.018044848
0.01160489
0.016408045
0.017945005
0.012372811
0.48352197
0.119652
0.13265151
0.046544064
0.18090874
0.081368715
0.1160202
0.20763451
0.29710016
0.079807185
0.22749272
0.30865204
0.05430673
0.19064206
0.16649577
0.13754624
0.14602281
0.22453198
0.0845552
0.17232057
0.096498586
0.14843133
0.106823914
0.16408502
0.10387095
0.14561866
0.10100592
