0.007274796
0.09073543
0.6063316
0.03326487
0.0060196915
0.030690301
0.07123343
0.02147296
0.5423798
0.0063321055
0.0059172437
0.034730706
0.0065259202
0.021685464
0.036851723
0.0632782
0.007985634
0.7816804
0.025452858
0.01986366
0.050008144
0.0129328305
0.0190746
0.22494158
0.058252532
0.07101717
0.86281806
0.0033853613
0.6955173
0.20657678
0.00965505
0.0032723802
0.0035440135
0.33722147
0.078702904
0.6691462
0.003932348
0.0069095124
0.003556905
0.002336858
0.0036797686
0.030430911
0.0081572775
0.014799799
0.936099
0.01805554
0.009960465
0.0106186755
0.0017126095
0.0044961995
0.002999767
0.012321911
0.0054640714
0.57656884
0.005228964
0.0049405857
0.0044673374
0.0018030617
0.004038123
0.003827051
0.0059845876
0.005205677
0.0043325243
0.0062685073
0.43521243
0.068770215
0.05195703
0.0023424632
0.008972887
0.0023159562
0.2253897
0.86176
0.005151594
0.004437424
0.008729797
0.0024145956
0.0073945285
0.018473968
0.011563412
0.005186356
0.7681031
0.0075547816
0.007800019
0.03806127
0.018238582
0.025328407
0.014734366
0.030698085
0.0337522
0.33721823
0.021549657
0.048574507
0.011150709
0.0045147217
0.13858068
0.0042296294
0.029821103
0.00434122
0.4572675
0.04040979
0.018931862
0.18468745
0.005977371
0.03594803
0.07129167
0.3906054
0.067979194
0.99134654
0.23359154
0.44093442
0.53752816
0.08073567
0.62683916
0.40049148
0.54743403
0.2924131
0.9241949
0.0013107037
0.001486826
0.0012905326
0.0014415847
0.0009967529
0.0011262253
0.0016924734
0.0012996075
0.0020877067
0.00680625
0.0031659994
0.0046495106
0.0016426573
0.0033822646
0.0047282595
0.004458637
0.0025506718
0.5872026
0.050118156
0.00531766
0.019206094
0.0023891176
0.00966266
0.16512768
0.034102168
0.0070371036
0.0457549
0.00288402
0.014051247
0.021431202
0.006536801
0.0016220032
0.0028659748
0.0043087015
0.0066705197
0.440427
0.0069676745
0.002871745
0.0032357331
0.0011339367
0.0023812572
0.005423995
0.0050613787
0.036858253
0.9955291
0.029925836
0.0037625753
0.014962449
0.0027719236
0.0057059
0.058926016
0.033557203
0.012081226
0.16724099
0.0011247263
0.9820148
0.002123494
0.0005389855
0.00085430854
0.002146077
0.971203
0.031759888
0.9975073
0.39851373
0.033599265
0.0100134425
0.008536732
0.0021913063
0.0028996298
0.01547631
0.007133927
0.84435314
0.2990563
0.17631693
0.006470694
0.16520812
0.01184703
0.0027044974
0.010138147
0.1910567
0.8121394
0.07263918
0.046301145
0.7325816
0.0040420857
0.0029363243
0.0040004565
0.008404893
0.0044935024
0.010929066
0.9460938
0.008382095
0.004199718
0.00882121
0.002789422
0.006270845
0.0128041925
0.017551564
0.0065342453
0.011221523
0.11841339
0.007693157
0.0034180519
0.013998523
0.011793158
0.029973276
0.012861527
0.18620351
0.1190485
0.075365774
0.27182323
0.05020819
0.19411375
0.15730262
0.42199773
0.15558156
0.9899721
0.0037034398
0.04205288
0.0016304026
0.005426511
0.005668698
0.010424366
0.51989925
0.0067722294
0.98058915
0.009515638
0.9632155
0.0030014792
0.01904538
0.0053659584
0.72386867
0.95917886
0.18468098
0.7157289
0.002162197
0.0037254014
0.0027648928
0.0036525296
0.0017260476
0.0022303876
0.0020658374
0.0041531343
0.2694882
0.90768474
0.16791727
0.01686136
0.009709155
0.09578108
0.06625816
0.9374001
0.7700052
0.29362273
0.024046022
0.018769797
0.005936473
0.008720568
0.1462227
0.020557497
0.02494551
0.009948157
0.9357351
0.01918638
0.01622949
0.028182143
0.005422979
0.03925036
0.023773653
0.029094068
0.013171029
0.03468335
0.021217866
0.004465976
0.026724098
0.002892827
0.0054846737
0.026949095
0.11012037
0.014759333
0.98918647
0.0056594554
0.006974947
0.009865732
0.0050777537
0.0054599238
0.005547246
0.0086216815
0.008725848
0.031088345
0.8354489
0.6583804
0.6391768
0.13475625
0.06810375
0.014079636
0.0155351125
0.39515397
0.9700482
0.014740937
0.029288862
0.006885838
0.004880825
0.003713349
0.007098668
0.02032935
0.008141882
0.25599515
0.0018133956
0.0016654028
0.004333992
0.0012781076
0.0023572596
0.0034585416
0.01321623
0.0033435395
0.96655434
0.023706986
0.025457585
0.02476397
0.011730477
0.011396339
0.0065277936
0.015768023
0.01306766
0.009257107
0.01722717
0.009214726
0.8946039
0.0050309803
0.014246296
0.29065713
0.9887128
0.0516274
0.9882748
0.010176681
0.047338895
0.006281103
0.020231456
0.027835835
0.041292302
0.056990802
0.026566874
0.97439146
0.0153401755
0.008191805
0.015376967
0.004842018
0.011015171
0.02359273
0.02926727
0.043707017
0.052259125
0.014715123
0.021929843
0.017225752
0.0040518544
0.006482646
0.016578963
0.07406424
0.03051104
0.99454486
0.029109105
0.008856067
0.04316217
0.0089752395
0.038897075
0.062060107
0.07495054
0.025210964
0.98962307
0.0018006737
0.70648706
0.7838095
0.011162718
0.001199205
0.42534345
0.5666798
0.10670633
0.008737229
0.08582319
0.122777514
0.08628202
0.036372073
0.006654036
0.018841675
0.004517268
0.71761984
0.011997075
0.0017193415
0.00091412757
0.0016456455
0.00088901055
0.002363476
0.0011989756
0.0013076308
0.0016021027
0.16744022
0.012594561
0.006458112
0.005847584
0.002863059
0.005395176
0.0070174057
0.008216376
0.008689408
0.47165045
0.0023992928
0.0028782682
0.005313795
0.0023836049
0.0036680843
0.003225449
0.0054953643
0.011696918
0.97433734
0.012961465
0.0034495296
0.012279786
0.0029810127
0.005676928
0.034658432
0.019835453
0.009408401
0.15451173
0.7746474
0.550789
0.65564346
0.6638593
0.0056882803
0.10138121
0.003486235
0.54384804
0.7841492
0.048785098
0.021158457
0.021186788
0.0074095894
0.012333493
0.07070975
0.059377104
0.015148631
0.9896875
0.004327632
0.0018911686
0.004308843
0.001267735
0.0028881407
0.0044590994
0.0045436556
0.003783252
0.21692465
0.0032709364
0.53913957
0.7839615
0.002423286
0.00096442987
0.26915354
0.25117508
0.4200803
0.97296065
0.092680536
0.06029408
0.046481952
0.009520805
0.026548747
0.08897939
0.031819288
0.017657183
0.2455875
0.009814604
0.0141671
0.0064867754
0.006327293
0.0026019642
0.0061415397
0.010396618
0.0049582673
0.0024834701
0.0037040461
0.0102298325
0.0056884685
0.0077095386
0.0016136566
0.002621415
0.0058717267
0.0039332802
0.021507861
0.3362755
0.007036401
0.0056539536
0.002841888
0.0020428232
0.0027962208
0.43109939
0.16575398
0.9783422
0.015819179
0.003967701
0.0100190705
0.0029591548
0.009664924
0.05744661
0.010940305
0.5074637
0.992168
0.006660244
0.005039656
0.19405095
0.0021631029
0.007557704
0.16988748
0.27053377
0.009081071
0.97888386
0.008118317
0.0064004343
0.012831192
0.006105239
0.0075294757
0.01375974
0.014254411
0.008130579
0.14026691
0.7654655
0.07578713
0.5168035
0.039458126
0.0432549
0.117815435
0.04108848
0.2486762
0.36110085
0.0037638147
0.0023930846
0.0025820874
0.0013801068
0.0010825044
0.0008993278
0.0026875108
0.021374332
0.002489376
0.0148072215
0.0076410156
0.011867191
0.0029191813
0.011957012
0.008899609
0.02200389
0.017353976
0.10681823
0.2341964
0.26900417
0.122203566
0.053592395
0.40311262
0.0034180144
0.010279901
0.101682656
0.29809436
0.0013841529
0.0055231843
0.0056738257
0.0015547337
0.008590132
0.0015875701
0.008485574
0.0027644334
0.4993706
0.0038997903
0.008814451
0.06412681
0.0027644618
0.9673902
0.007121592
0.039926585
0.0071274983
0.009424791
0.0012018221
0.028727299
0.062283963
0.019581135
0.00074026774
0.0016860701
0.021111406
0.0030019432
0.09068272
0.010812236
0.0033142467
0.005952519
0.002021829
0.004781392
0.010542891
0.006281175
0.0054071182
0.99646
0.0041286913
0.002577115
0.0038334227
0.0012977488
0.0030614363
0.0052759373
0.0066352556
0.007283401
0.7974118
0.026238669
0.017423933
0.026650548
0.008873883
0.020370271
0.033005044
0.035385936
0.023957537
0.07655679
0.024559014
0.005200538
0.008376499
0.0022099032
0.010009415
0.017217496
0.012272525
0.0082621435
0.008869776
0.0017918558
0.0054774405
0.0033384215
0.0047149756
0.0013717386
0.00266335
0.0019915842
0.016403113
0.95058024
0.0074045747
0.007805145
0.009748078
0.0027506622
0.010276949
0.009140273
0.01937465
0.0137080755
0.9814253
0.0041549667
0.0026712697
0.00671738
0.0017593057
0.005781702
0.012157236
0.019771071
0.0058129746
0.9806889
0.0035257288
0.0029633678
0.006854492
0.0013809347
0.004761856
0.004734927
0.008305575
0.0053064395
0.0063910587
0.14613162
0.020063093
0.16252148
0.003825333
0.0041072774
0.017588109
0.008098317
0.016558826
0.017547408
0.023392202
0.4002615
0.024308233
0.040397394
0.018770913
0.11274512
0.23291837
0.34655213
0.6153503
0.010715839
0.012260965
0.008833667
0.0035541186
0.0069684503
0.009121111
0.015001296
0.006725164
0.98641264
0.010989301
0.021316472
0.002496862
0.0055373153
0.0025312165
0.0021935909
0.0063864524
0.0037815387
0.009935204
0.010558892
0.005320264
0.15748131
0.0021622241
0.010398593
0.015067092
0.054674804
0.0073510744
0.009671432
0.9790172
0.002092892
0.0018125812
0.0011505277
0.0015950268
0.0012506676
0.0018723913
0.003751511
0.0023017863
0.0120732505
0.016429303
0.030274166
0.0045323046
0.015939327
0.03498501
0.047185678
0.021146854
0.99239975
0.0035158787
0.0028898402
0.00428667
0.0013670631
0.0025801181
0.00318441
0.0048076045
0.0026150502
0.99457693
0.042957194
0.023711953
0.015664276
0.044605047
0.009044411
0.018308915
0.052944474
0.061733715
0.027453389
0.003910358
0.0022787277
0.0026481333
0.0014663688
0.002284716
0.0026252742
0.0028562075
0.00333393
0.005967645
0.0063708513
0.0022668487
0.01961979
0.0015323677
0.0057049543
0.040010136
0.009989335
0.0071057854
0.27555808
0.0039429152
0.003457795
0.09906065
0.0016266337
0.0059480425
0.02214717
0.658774
0.007689356
0.92544854
0.008236191
0.0044271383
0.007961733
0.003252184
0.005502112
0.022683071
0.012159765
0.007840623
0.042788047
0.014990011
0.017492436
0.012120312
0.0048514795
0.008931258
0.014526347
0.00941691
0.010674566
0.7315356
0.0034763524
0.10198723
0.04376069
0.0028936933
0.008483142
0.0026748094
0.26061556
0.042920634
0.50395846
0.5162761
0.9542063
0.033425033
0.006404206
0.0050283256
0.008580268
0.56941795
0.47589695
0.028367776
0.004291398
0.0043844106
0.008044586
0.0022208737
0.0051569785
0.005597519
0.010078803
0.014404007
0.5370339
0.986262
0.98306435
0.6395362
0.009389313
0.004957776
0.20671366
0.010312436
0.98810726
0.92643476
0.0032836467
0.0048457156
0.011603686
0.0031106032
0.006745426
0.0043105376
0.013091501
0.005543668
0.8224677
0.7208715
0.4271788
0.040958825
0.22371982
0.02470822
0.08312565
0.010360005
0.037559003
0.8391207
0.117591396
0.14081712
0.0064867903
0.008117963
0.03278622
0.007865436
0.008852741
0.11734508
0.22033797
0.008644528
0.0052259
0.27964795
0.0024912124
0.009463878
0.018542772
0.4780623
0.008302495
0.94192964
0.03745001
0.012609692
0.010871088
0.0033214698
0.012271942
0.01783271
0.021755353
0.027070975
0.63567513
0.0050891447
0.0037310151
0.004631467
0.0017928999
0.0033138497
0.005387527
0.006160785
0.0041002375
0.80852175
0.04911485
0.4278642
0.08616571
0.0054541347
0.025307257
0.04788585
0.4330366
0.024286598
0.006365783
0.008371102
0.00400854
0.004905392
0.0019228064
0.005974536
0.004575452
0.011859929
0.019001361
0.78282785
0.9820287
0.94790184
0.02899573
0.013321399
0.0018358929
0.0055886433
0.0017059189
0.019059842
0.004913427
0.0019889202
0.0015529011
0.0021496816
0.0011187337
0.001954727
0.0028112808
0.0028230941
0.001938653
0.9444984
0.022551207
0.019100197
0.31812763
0.013025967
0.032897446
0.17501123
0.72278976
0.16802943
0.77463096
0.0029669302
0.0040966533
0.08716433
0.006597021
0.006952245
0.21640408
0.16322578
0.02570246
0.042681452
0.0040789014
0.0042182347
0.0052218875
0.0017006814
0.0038258971
0.004439424
0.0060014687
0.0024181632
0.9937475
0.99078953
0.9927078
0.045413673
0.004070258
0.0017845758
0.0010315725
0.0014077654
0.16962992
0.0038568801
0.0038265814
0.0037621062
0.0063769305
0.0027462118
0.005270547
0.0040794145
0.00728932
0.0043036984
0.47006714
0.0042705997
0.012493076
0.0045595076
0.002200536
0.006799587
0.012544223
0.022802329
0.009011392
0.9842353
0.004035003
0.2828258
0.012561101
0.058418766
0.004038523
0.9053139
0.84802586
0.29583824
0.008532889
0.016925639
0.010860779
0.033427466
0.006630792
0.021008214
0.02134263
0.059419934
0.035366643
0.95700693
0.011968991
0.0049893153
0.018174777
0.0022217897
0.008961121
0.019250002
0.116262056
0.0063446886
0.9887744
0.0036454946
0.1010677
0.22759587
0.0029145526
0.010646271
0.0037937248
0.023307731
0.011929453
0.73136234
0.007886912
0.008756225
0.010736104
0.0022443444
0.0020042923
0.0028032912
0.0032278807
0.0029646072
0.66737646
0.0021931578
0.0018647294
0.017042333
0.0011917792
0.0038535108
0.0028394435
0.0050814366
0.0032555424
0.25838688
0.017523339
0.0027170312
0.0026394234
0.0435331
0.0007504403
0.002356031
0.99350077
0.0010075239
0.00055010454
0.045320585
0.9164148
0.8364326
0.0028697492
0.9205454
0.008708622
0.0016904619
0.0030170227
0.018016934
0.030411014
0.014132096
0.02083906
0.007118709
0.012122006
0.035514038
0.026184157
0.021104902
0.03306466
0.013151902
0.01842151
0.021545501
0.0056647663
0.011084428
0.011737269
0.02940899
0.016573625
0.9642949
0.7160164
0.004744655
0.8859779
0.012714697
0.019061415
0.047034215
0.98263043
0.7482793
0.19771843
0.98904186
0.0028087676
0.0014722651
0.00082752237
0.0026788136
0.0018792053
0.0021889913
0.0024264806
0.028922891
0.2802435
0.07495089
0.25753787
0.0048146425
0.0035668851
0.011988206
0.0046970006
0.01575789
0.8013278
0.98341733
0.0087276455
0.029893134
0.0022900577
0.0024687077
0.0075252387
0.0024202897
0.019380935
0.0047836783
0.0035063683
0.0015881236
0.0016919029
0.0010565326
0.0017473263
0.0018644255
0.001997378
0.0033087626
0.94808084
0.02964693
0.8502157
0.12584506
0.0070497277
0.017802998
0.43599588
0.6282069
0.3143207
0.979924
0.0055611897
0.010434205
0.03795698
0.014314522
0.0036466946
0.008766604
0.034459583
0.01043037
0.03150093
0.03793438
0.016940892
0.005055115
0.012434083
0.019287687
0.01360339
0.011854918
0.014183838
0.059340455
0.27027336
0.11227213
0.005680071
0.032240406
0.014070458
0.0032268465
0.009426926
0.52622294
0.77054244
0.0022821978
0.0027394702
0.0040368624
0.0015083699
0.0026322722
0.0042861714
0.008602021
0.004771002
0.74903816
0.0053685172
0.0035793132
0.0052904407
0.0028931187
0.0041674315
0.004396862
0.0060345395
0.004308171
0.85410315
0.0032525742
0.0018109306
0.003601753
0.0013662553
0.0024494485
0.004568074
0.0054297503
0.0027530508
0.10573443
0.008456299
0.0035289177
0.0076411297
0.0021437735
0.00369008
0.011475632
0.012354628
0.0062135765
0.996228
0.009600572
0.004554787
0.8169215
0.0037734793
0.006547966
0.042846087
0.22239263
0.018255396
0.9551645
0.9966518
0.001505547
0.04360762
0.0013755461
0.00092311454
0.034350097
0.9897432
0.93356955
0.0015175735
0.0019539979
0.014184464
0.001242943
0.0025175188
0.003448
0.0040096627
0.03218665
0.0034551828
0.009946741
0.0047141975
0.025214382
0.022127625
0.009132987
0.004657127
0.004672697
0.017422628
0.11664714
0.9312381
0.94087285
0.9408999
0.8534899
0.018319529
0.040096294
0.016238378
0.6468511
0.56646353
0.94981074
0.007849294
0.0039945473
0.014515937
0.0026356145
0.004686684
0.00881192
0.01740207
0.013966455
0.99177015
0.04121568
0.07479606
0.08415985
0.009899294
0.010852268
0.0051675416
0.00908339
0.024480538
0.323738
0.034528445
0.023809806
0.024377957
0.006885087
0.022463689
0.019202486
0.024861854
0.02262491
0.05912718
0.9567574
0.010315116
0.0043258686
0.520853
0.47555798
0.9653346
0.0057218242
0.18569855
0.89125055
0.33496994
0.0956627
0.52970195
0.0076201903
0.0077802627
0.012577432
0.007925838
0.066511594
0.62728494
0.9122741
0.051763993
0.018128827
0.004842301
0.013094233
0.04409766
0.027134297
0.06544755
0.026156504
0.006864655
0.028322294
0.37360203
0.10531121
0.0061101816
0.01897561
0.029192878
0.013275292
0.011406208
0.008141298
0.0045815124
0.0034527392
0.0017026786
0.003482974
0.0038386616
0.0051602228
0.031424444
0.9960018
0.004863274
0.0053112805
0.0062377676
0.0035263677
0.010046018
0.005288812
0.009411926
0.005309198
0.011196017
0.0019716949
0.0016271592
0.0019385635
0.0010970487
0.001913238
0.0019855432
0.0028783244
0.001864867
0.026286604
0.0061329603
0.0049861437
0.054490123
0.0019693745
0.012023053
0.02424221
0.094771504
0.012281449
0.9942479
0.67793083
0.039912965
0.009689481
0.0049458942
0.015270844
0.24993533
0.74369365
0.0078031966
0.24871461
0.03673519
0.0446678
0.07438432
0.0058796345
0.04121204
0.008387062
0.0022314175
0.011056747
0.97956663
