0.19609453
0.3906583
0.21553294
0.36421496
0.15933102
0.26834357
0.21203685
0.27801442
0.39852232
0.339473
0.38664773
0.22105753
0.16333391
0.33787978
0.074640654
0.14128353
0.16028923
0.34629643
0.23277374
0.35315362
0.13096787
0.083372146
0.2998681
0.06442177
0.09873877
0.12883264
0.26547307
0.31750947
0.49003428
0.32939267
0.44990817
0.21796806
0.2611451
0.2642097
0.2659267
0.39874345
0.22022551
0.32362804
0.3528598
0.19905551
0.2871083
0.1897919
0.22318007
0.17955597
0.45659572
0.13030729
0.04173064
0.04560209
0.023223428
0.11578653
0.106733575
0.0639838
0.040882345
0.08990707
0.43470478
0.43505213
0.27026844
0.11972346
0.39972946
0.21107808
0.23898819
0.1980701
0.29477388
0.25573102
0.31603312
0.124831215
0.195724
0.15346055
0.27962023
0.17335351
0.17435485
0.5213071
0.41458347
0.45192358
0.26605013
0.12048173
0.48282513
0.15080324
0.14456381
0.21347927
0.338326
0.16791803
0.14506768
0.105477095
0.07189825
0.1807183
0.05477979
0.06113885
0.08209477
0.18862687
0.22014387
0.19618224
0.31713703
0.48587623
0.22582126
0.12920791
0.47803113
0.43760926
0.30378407
0.33229566
0.39131907
0.2813107
0.14310884
0.40581727
0.12340394
0.23617966
0.23280345
0.37176168
0.26669195
0.42065057
0.25678727
0.10237991
0.36509022
0.13883781
0.18712176
0.118268415
0.29007638
0.21202923
0.115740396
0.23824574
0.3840229
0.13289395
0.38890186
0.36208275
0.14915049
0.3492699
0.2217044
0.07817451
0.08198505
0.06257013
0.179746
0.09038916
0.08932432
0.07644757
0.22354369
0.45045394
0.48679206
0.29008305
0.097681694
0.3033883
0.0868417
0.14929837
0.08039814
0.33325586
0.12769662
0.0644304
0.054709714
0.052203678
0.067465924
0.09198102
0.0739027
0.04118767
0.11851332
0.4457897
0.32886326
0.16645327
0.05233054
0.32229117
0.10818448
0.09939605
0.106474906
0.31845555
0.57580584
0.44943127
0.2337781
0.18332577
0.4517698
0.17794189
0.18126108
0.10413941
0.4499055
0.065580204
0.20330882
0.2433467
0.061519776
0.058906063
0.02987221
0.14806876
0.13389441
0.25736564
0.1332065
0.10993504
0.18081988
0.20318936
0.098250486
0.13012908
0.07523327
0.12947384
0.16422664
0.16146469
0.17742458
0.1978264
0.10836879
0.23386022
0.113339156
0.22171097
0.12679128
0.21214685
0.22756834
0.18815325
0.23302193
0.27909636
0.18539229
0.2687233
0.4246645
0.1657837
0.43366694
0.57660735
0.54649305
0.5132859
0.2986999
0.13687909
0.5884823
0.29461858
0.21889223
0.20500232
0.094833985
0.1414148
0.32887915
0.08506779
0.20694837
0.22219726
0.085659735
0.10240418
0.37404805
0.56223273
0.53363425
0.31183505
0.1841604
0.44211006
0.18351679
0.25749457
0.28649843
0.53231657
0.24251677
0.090019874
0.08933321
0.23091695
0.16156107
0.07327304
0.06977
0.06767661
0.29764697
0.2946496
0.26977995
0.14479849
0.269329
0.1548195
0.20922443
0.22044
0.18355554
0.2758718
0.3367162
0.3104656
0.24040395
0.22498715
0.13925247
0.36566982
0.19991094
0.23320575
0.38770077
0.08595257
0.07468238
0.32335964
0.14044565
0.17099527
0.16757005
0.086053945
0.10485244
0.18895863
0.18511643
0.15542527
0.09677726
0.2618754
0.42389277
0.18430479
0.12379844
0.13594459
0.33980235
0.2086792
0.21950279
0.07592032
0.06124688
0.12617673
0.0638789
0.06380734
0.047997177
0.13778935
0.41930386
0.449136
0.2969026
0.14844182
0.35520935
0.21623088
0.27478474
0.23274124
0.3943996
0.49515018
0.14458576
0.041817617
0.06630614
0.20515946
0.06941047
0.03791829
0.080945894
0.27982014
0.23147343
0.20960714
0.14109315
0.24713056
0.30100694
0.19867215
0.20321636
0.18896951
0.28906256
0.45319757
0.27602774
0.45021072
0.57848054
0.34233296
0.42228487
0.36757147
0.33324724
0.50723195
0.17527
0.23787786
0.36945197
0.1750245
0.38737667
0.19847366
0.29017293
0.22086771
0.42205462
0.27929744
0.12032602
0.30925465
0.21139345
0.13290724
0.21688299
0.12239466
0.20755984
0.23132831
0.57499593
0.5492183
0.6732523
0.17732747
0.6768513
0.42486644
0.45072907
0.32902986
0.6521928
0.47470152
0.30074716
0.13862124
0.48272783
0.43901363
0.22415897
0.27957985
0.20170738
0.41747856
0.4521276
0.35898286
0.46415308
0.23659617
0.499511
0.4111135
0.366305
0.38052207
0.49977395
0.19786966
0.24602938
0.10896876
0.076167114
0.21004154
0.11603875
0.11981486
0.13142258
0.2087871
0.20540164
0.2740712
0.24648504
0.122460596
0.3839789
0.14164525
0.1802145
0.20763107
0.29455283
0.24818398
0.06801073
0.07582401
0.15363796
0.08813386
0.20096786
0.053135525
0.07990555
0.19270813
0.35970953
0.30982685
0.42937705
0.33298326
0.29081976
0.20883185
0.25765246
0.23521098
0.31297293
0.4928017
0.70162034
0.526749
0.20735386
0.6339554
0.76854515
0.3994691
0.3966328
0.6372067
0.31421578
0.28175902
0.08804812
0.06917279
0.20240013
0.088967085
0.1261052
0.07590635
0.22730128
0.4518876
0.48982853
0.3050859
0.16213949
0.3978387
0.23410735
0.19833815
0.27348632
0.4730587
0.2379553
0.1255726
0.3022944
0.1617306
0.36022812
0.15033893
0.25078884
0.16216049
0.38790545
0.27406773
0.13802788
0.10429312
0.17737706
0.09184473
0.09864781
0.07241341
0.1487732
0.108138874
0.20744886
0.2455208
0.14349166
0.083539315
0.26480392
0.09816287
0.12092624
0.12110141
0.31483814
0.3538715
0.5014477
0.1872396
0.124496296
0.41151708
0.11877071
0.14062354
0.17571029
0.28876093
0.16905753
0.43048888
0.7491967
0.17347027
0.16630544
0.5108176
0.1711727
0.17614153
0.3721298
0.1452514
0.35644895
0.10380791
0.06721506
0.29877886
0.49878365
0.086659454
0.10448691
0.26778176
0.40300697
0.11246799
0.06831186
0.19175044
0.10168055
0.29840484
0.12652859
0.09761187
0.1853547
0.102897644
0.039781034
0.08941987
0.035212103
0.047147617
0.070927806
0.033660065
0.03887098
0.11618607
0.119470015
0.095871694
0.18379207
0.21516538
0.08277788
0.14126515
0.10760513
0.0994159
0.17502224
0.43834403
0.35431072
0.29028276
0.14497082
0.3823117
0.14599916
0.26645213
0.20966735
0.41861004
0.24238895
0.36321735
0.29203987
0.14214171
0.2869505
0.28086126
0.24420966
0.25404903
0.35066265
0.37627694
0.42073414
0.25612777
0.10741067
0.34207597
0.20910315
0.12766673
0.20238566
0.4919245
0.24167344
0.17412357
0.19328754
0.35332584
0.15000004
0.34193912
0.30400896
0.21262196
0.32140344
0.113353275
0.116067916
0.34597892
0.022277843
0.3860739
0.04298798
0.21577604
0.08898855
0.17600338
0.4711131
0.31644127
0.19060792
0.13739757
0.3895036
0.13269815
0.14964387
0.17618705
0.32513884
0.17684267
0.24134752
0.24770966
0.19274274
0.32445812
0.13320038
0.26756898
0.1519599
0.37379402
0.11042909
0.13142882
0.11144034
0.051701084
0.13846344
0.07049768
0.07178126
0.066340335
0.09574153
0.26827243
0.27370074
0.20433107
0.12619294
0.37888184
0.17207532
0.17140637
0.20083883
0.29838932
0.1793222
0.20680632
0.09347776
0.10584005
0.06340157
0.42981672
0.17521158
0.13347754
0.21000838
0.5360434
0.44875786
0.28379822
0.11650207
0.49639252
0.24064706
0.29182062
0.27396667
0.43160275
0.3498327
0.5719972
0.43083924
0.14505014
0.44002372
0.20865093
0.24057582
0.2806219
0.4069556
0.44243488
0.53096926
0.37864503
0.20180872
0.5189792
0.24716799
0.34887338
0.30588704
0.41858822
0.53685087
0.4897357
0.14005387
0.11169628
0.37306687
0.0927829
0.12642983
0.14090724
0.5209229
0.49293286
0.5605238
0.34918445
0.423506
0.28193453
0.5092944
0.3203814
0.3339281
0.6132773
0.59631276
0.5528079
0.47632372
0.20458338
0.5705753
0.36415702
0.44429302
0.31365454
0.5631017
0.21796836
0.26383224
0.27229592
0.129476
0.36414585
0.1430877
0.20121253
0.18975386
0.35151136
0.4166661
0.44157714
0.09300629
0.073688105
0.26182124
0.06706274
0.11097425
0.04919752
0.31790543
0.10411913
0.081654705
0.09322084
0.18600725
0.07038244
0.15074165
0.15287378
0.07021214
0.14115767
0.18959813
0.20822752
0.14912826
0.24709606
0.26687247
0.21605104
0.20031439
0.17848891
0.5355395
0.153393
0.15275322
0.11442871
0.075942926
0.20980304
0.06429692
0.0914412
0.081723176
0.18702014
0.13570099
0.11688924
0.2617339
0.10185333
0.15465072
0.163645
0.09959805
0.08600106
0.31252435
0.41549566
0.11755542
0.31532523
0.11269883
0.35687807
0.1322345
0.24114959
0.1813306
0.34305814
0.3309275
0.31999072
0.2883494
0.07685672
0.34039062
0.30269796
0.16306537
0.14455448
0.20861426
0.5680445
0.49367312
0.29907322
0.11267389
0.47814146
0.07419493
0.19226566
0.17007226
0.34619173
0.33117774
0.20204431
0.28234476
0.18897076
0.40973264
0.28577775
0.28321353
0.25783
0.5158511
0.07212956
0.06149798
0.08282019
0.45510972
0.054417666
0.30199182
0.42272702
0.08007158
0.54765993
0.19018447
0.14062622
0.16234839
0.06929478
0.27571902
0.08192213
0.12971053
0.14951427
0.29676202
0.24000221
0.21935506
0.2143607
0.09275741
0.25474238
0.1428853
0.18085179
0.13267191
0.37407523
0.5404828
0.46150187
0.11877999
0.090013616
0.35949954
0.089991644
0.119763635
0.09845989
0.32048532
0.32159102
0.41405538
0.3917199
0.2616159
0.46903104
0.27062526
0.29775038
0.29743728
0.43023577
0.24263084
0.24444383
0.17876713
0.10650534
0.22671808
0.1064862
0.12954018
0.14990073
0.27407852
0.45474395
0.3160937
0.20167239
0.1741029
0.38990742
0.29792526
0.28784293
0.23281823
0.44412586
0.37373358
0.4440028
0.32921478
0.34993944
0.13139176
0.24700662
0.21472342
0.24049614
0.273062
0.24512169
0.25041622
0.113161474
0.07146269
0.23238209
0.08787227
0.122785404
0.06896236
0.22783065
0.53815955
0.52777
0.38752154
0.38274673
0.19154888
0.5784199
0.21486346
0.5117328
0.67256266
0.2146897
0.22401401
0.15964423
0.062304907
0.23440935
0.076801024
0.12818652
0.1297502
0.18906231
0.1725103
0.29493952
0.22054195
0.36128238
0.3047941
0.13537522
0.19744928
0.2751039
0.57607317
0.2035862
0.2456663
0.16344085
0.13346517
0.15463455
0.1948833
0.07615942
0.17434615
0.49836197
0.21424118
0.22491053
0.19622119
0.117960915
0.23973538
0.18890594
0.19906232
0.14834535
0.26616135
0.575664
0.5586949
0.13096109
0.08231979
0.2801395
0.091761336
0.13954987
0.08410281
0.30343089
0.5014651
0.46718556
0.30976295
0.15976164
0.48095047
0.28255028
0.3532556
0.29544437
0.5243198
0.35227275
0.3311673
0.17591617
0.09596848
0.28334948
0.069454476
0.14362137
0.1334937
0.3393548
0.404776
0.46811497
0.32936096
0.14670098
0.43853685
0.22309479
0.2823613
0.29280615
0.42936817
0.31228447
0.24490137
0.14336187
0.21546906
0.13912083
0.2631413
0.15024163
0.14404084
0.18394417
0.18454021
0.27179646
0.14133157
0.09622045
0.294647
0.10917642
0.1207444
0.108536996
0.23812824
0.42494914
0.53188545
0.37088257
0.24987511
0.47675323
0.2794453
0.31684908
0.2307552
0.50909215
0.2069232
0.20973036
0.32192135
0.19259268
0.35722166
0.20413996
0.2610582
0.16255409
0.44989273
0.47174865
0.38518092
0.29104906
0.19356133
0.46036008
0.26088393
0.29424205
0.26918173
0.51750183
0.051052935
0.068989545
0.02207504
0.23836283
0.1349139
0.02380284
0.14457774
0.031458274
0.11085123
0.25392824
0.39036074
0.22061644
0.14315347
0.41977772
0.12371085
0.2630986
0.1817167
0.29738203
0.16751538
0.29802424
0.40431523
0.18435514
0.41191873
0.20232368
0.21331653
0.2297066
0.37940493
0.4025445
0.15694891
0.17459795
0.26908368
0.26613647
0.10090739
0.11901568
0.12997879
0.29406354
0.5372667
0.5247294
0.13234808
0.13704856
0.28861666
0.12999251
0.13863736
0.15416464
0.28651425
0.29009607
0.43175608
0.53313166
0.20732534
0.5327395
0.23957543
0.42526788
0.29375303
0.5677688
0.109404035
0.059459418
0.07416061
0.0623057
0.104153916
0.07273609
0.05035091
0.049605995
0.11900695
0.066318884
0.060758926
0.08519514
0.19107765
0.033778585
0.16935477
0.51167625
0.03145729
0.24435082
0.5953054
0.49791333
0.28673986
0.13127737
0.47763902
0.34347498
0.4266536
0.26160333
0.500812
0.05878755
0.01768539
0.046164803
0.11792573
0.028843123
0.21076433
0.15759636
0.04553541
0.09114324
0.088381104
0.12945767
0.16585039
0.24056171
0.1335638
0.24914569
0.11053216
0.17401433
0.23422517
0.46526754
0.43258113
0.32436237
0.13716973
0.44140625
0.20085765
0.27627173
0.20460542
0.37510762
0.48682204
0.38131857
0.10131909
0.055954944
0.24849622
0.10561631
0.09374254
0.0786418
0.2107774
0.37541646
0.14774394
0.2916523
0.32704896
0.41418225
0.27809873
0.27872488
0.19796495
0.44053513
0.24602799
0.08589991
0.16483825
0.0672203
0.16755798
0.1192521
0.08116164
0.06640122
0.093752526
0.37682313
0.29732963
0.32399946
0.2354223
0.21786672
0.35411778
0.25793445
0.17428957
0.69204336
0.72436327
0.45691332
0.2958696
0.35796824
0.16999218
0.5110443
0.31769136
0.24809958
0.2786972
0.10787173
0.064676754
0.05511208
0.061960023
0.1176293
0.045695823
0.065096185
0.035066556
0.14667569
0.39350867
0.4147434
0.46138301
0.20728534
0.2609993
0.2131053
0.1996948
0.25322756
0.66717666
0.5401178
0.26635024
0.28530207
0.42354894
0.24589083
0.35581023
0.55940336
0.24826945
0.44468042
0.2801187
0.079488926
0.04690321
0.17380726
0.25624064
0.04273103
0.12005746
0.067736946
0.22252569
0.19997099
0.34588635
0.31836277
0.20381276
0.43163002
0.15007713
0.28202575
0.1827173
0.38602635
0.48409376
0.4853828
0.4198817
0.26794842
0.4798901
0.34692323
0.36397883
0.33456686
0.57112867
0.46913365
0.49705824
0.085021056
0.059312873
0.30409238
0.06688213
0.095252596
0.057543036
0.3498984
0.47290707
0.22120492
0.26760083
0.10787163
0.40589628
0.21115172
0.21239273
0.22011107
0.33549628
0.18432578
0.20786631
0.1439993
0.059092633
0.23356119
0.09032928
0.09649438
0.13528967
0.27492517
0.2540856
0.3379825
0.28661782
0.13348623
0.33882558
0.13726057
0.11521351
0.24572715
0.32279313
0.23669155
0.29298767
0.048427876
0.08846022
0.05158471
0.07772365
0.14620373
0.18389452
0.15507713
0.42965442
0.43823522
0.09979611
0.43456504
0.47477043
0.19388466
0.28276417
0.21320017
0.41072878
0.14460896
0.31042534
0.21742861
0.23006137
0.13460621
0.12719269
0.19499251
0.14391021
0.359553
0.44987792
0.32353523
0.44854355
0.2799617
0.19616823
0.30822963
0.24044505
0.29963094
0.5341613
0.48263976
0.39311087
0.5272119
0.21799858
0.5751321
0.4530327
0.4019844
0.45155805
0.62272155
0.31092814
0.17335327
0.13328497
0.32372218
0.34481227
0.11317485
0.16725476
0.16601183
0.2803422
0.38918018
0.38076863
0.15048544
0.09285664
0.28849918
0.10154485
0.08742578
0.074879475
0.24106997
0.3109453
0.55679756
0.24914189
0.311399
0.48075762
0.5059405
0.4701729
0.32676077
0.6190753
0.22852682
0.13992538
0.11916504
0.11234889
0.13083677
0.25212583
0.09647184
0.11474657
0.3078529
0.32598597
0.2004001
0.34799826
0.1299526
0.32358873
0.26927665
0.1481766
0.15424128
0.15811628
0.21257634
0.18210872
0.092046805
0.1788514
0.28019658
0.14188914
0.19962102
0.10876465
0.2969664
0.41299826
0.2446774
0.40381464
0.12520804
0.3553912
0.1257586
0.21869269
0.2523668
0.3129926
0.13662009
0.11489858
0.0736332
0.0783518
0.12700866
0.0672723
0.0871295
0.06522039
0.18704768
0.39618963
0.45475826
0.3145251
0.14421816
0.49348098
0.1464303
0.26571324
0.2641034
0.41177392
0.4294334
0.38381842
0.27041888
0.17819028
0.3753542
0.17532009
0.23609878
0.1641753
0.47874537
0.26315948
0.33889267
0.30007106
0.16735092
0.14678101
0.1450865
0.15257315
0.20341407
0.29347518
0.2721678
0.29615873
0.42065373
0.29950842
0.34821126
0.3986744
0.22482605
0.17901875
0.38240954
