0.011045241
0.012198629
0.011615636
0.011003528
0.008797575
0.011098759
0.011203082
0.009254633
0.011974379
0.036926977
0.20668557
0.04395946
0.04898461
0.04834352
0.055196892
0.030106463
0.031435825
0.046853032
0.018874131
0.017509516
0.017046792
0.013465186
0.016734816
0.024088783
0.014699391
0.01727266
0.010307871
0.007049397
0.011060193
0.0074096303
0.008579762
0.008524579
0.0066059884
0.009112734
0.0077122627
0.007109068
0.05128153
0.05185015
0.06331975
0.057776853
0.048729517
0.03308053
0.04891017
0.031423956
0.16435117
0.006705643
0.0050595566
0.0048617264
0.0045426213
0.0045628333
0.005899476
0.0047756974
0.0048496705
0.004053435
0.98682564
0.97085774
0.9849777
0.9890469
0.9873949
0.98687994
0.9801326
0.98420644
0.94738966
0.01562416
0.017615968
0.014037171
0.017733151
0.0144770555
0.014890956
0.012324442
0.015730783
0.015004889
0.20806228
0.3448901
0.20018987
0.21121544
0.21334106
0.27702853
0.1331885
0.19219843
0.08052825
0.017869823
0.0453563
0.039450027
0.015764965
0.01624262
0.017529264
0.01906978
0.01723319
0.011430521
0.013984534
0.0149367545
0.018219942
0.018267319
0.018646607
0.014350393
0.015649822
0.011952068
0.015405427
0.0927838
0.09476723
0.08412604
0.082828954
0.079002306
0.09717821
0.07618683
0.11879705
0.04451134
0.9672841
0.9634499
0.9526054
0.96895736
0.9587376
0.9699838
0.93050593
0.9711378
0.9147884
0.0053760917
0.0051252684
0.004072286
0.004677216
0.004625167
0.0045270086
0.0049066027
0.004970042
0.0036786508
0.050877787
0.07165015
0.054186787
0.055565562
0.045518786
0.060810056
0.042775232
0.061315473
0.03399056
0.5555944
0.62463844
0.6701419
0.82406676
0.60406256
0.60666555
0.60766476
0.45364133
0.18069753
0.46677884
0.2571741
0.16763163
0.16541061
0.09603416
0.12516946
0.060055863
0.0976789
0.082285434
0.02524856
0.01244757
0.030775104
0.03605686
0.036187608
0.023789477
0.030381044
0.01836257
0.019860048
0.044456035
0.03222478
0.03789483
0.06608618
0.04187753
0.048280787
0.027404603
0.034753364
0.023070995
0.9937376
0.99585944
0.0070534986
0.002667969
0.0004981924
0.0013619686
0.99464107
0.11460221
0.9881108
0.0744151
0.064812355
0.0536305
0.04534948
0.049651906
0.06189454
0.077860594
0.07093178
0.099159196
0.01493388
0.013373006
0.023224266
0.014672264
0.01044883
0.011521452
0.012207011
0.015370296
0.012639275
0.1982409
0.22213756
0.321711
0.25293735
0.13312349
0.12261886
0.07271079
0.07921838
0.101069435
0.009110341
0.009699904
0.007897193
0.008692312
0.010863096
0.010743361
0.00917217
0.009186294
0.008025532
0.64322025
0.56451946
0.5956125
0.5377568
0.7773942
0.4096944
0.71906894
0.43518087
0.22442433
0.028406773
0.01065468
0.0415395
0.088517554
0.041457765
0.034478903
0.02940788
0.02573244
0.14328337
0.023528684
0.025907699
0.021959973
0.022959948
0.022891585
0.026962196
0.023318222
0.02600685
0.021862153
0.0713226
0.1445715
0.10551997
0.113474146
0.045758717
0.101761274
0.16040377
0.06613433
0.05154987
0.41383046
0.70803493
0.2761267
0.5159496
0.39288378
0.34606066
0.17899449
0.28356114
0.37850437
0.01637461
0.016356489
0.020301115
0.013833134
0.015971322
0.017293964
0.015697772
0.016636891
0.009022428
0.22575949
0.12161438
0.21524733
0.19031288
0.19741128
0.23971438
0.18463653
0.18128112
0.62322354
0.034647405
0.05192796
0.030640922
0.032297786
0.030468253
0.03796019
0.031792596
0.035408236
0.028318807
0.20554115
0.1076218
0.13907374
0.20872329
0.18207026
0.18008707
0.14043204
0.12404609
0.03674705
0.08198662
0.07047601
0.0526778
0.049617007
0.057252884
0.08118042
0.044737708
0.09688548
0.036609825
0.72160995
0.69167465
0.49504694
0.5421358
0.3624059
0.47725493
0.398814
0.44974294
0.30180225
0.012385221
0.012304319
0.011587918
0.014247546
0.011438708
0.011023919
0.011725217
0.011895631
0.008858619
0.008844895
0.00943868
0.011744195
0.011610902
0.010927338
0.009876105
0.01049027
0.009487395
0.010655317
0.015463648
0.014502616
0.014490042
0.01431682
0.015400465
0.009423788
0.016422318
0.012873938
0.012449452
0.47107196
0.46161482
0.64726037
0.45696938
0.4660694
0.567785
0.5602815
0.5516899
0.46397185
0.12089808
0.16670066
0.16967042
0.17573538
0.24700484
0.22526616
0.1678129
0.14198956
0.19143958
0.005254838
0.0059200935
0.005326529
0.0052642426
0.0047293073
0.005806303
0.0046272436
0.0059460993
0.005087378
0.9480999
0.9463664
0.9503192
0.96946186
0.9443005
0.9687038
0.9333688
0.9570874
0.96996933
0.52027786
0.6385654
0.48017338
0.58083946
0.51627576
0.5204905
0.46734193
0.35248092
0.27984542
0.010688722
0.012171312
0.011737509
0.011452215
0.010391862
0.011174928
0.013533925
0.0104805315
0.008376067
0.012587197
0.010856474
0.014736871
0.0109679755
0.015103484
0.01074566
0.010644103
0.013589578
0.009311328
0.0069723274
0.007181946
0.0068064723
0.0077266893
0.0073927543
0.0082977675
0.00784493
0.007789589
0.00812219
0.010197475
0.010066798
0.010172051
0.01059854
0.010145732
0.010711745
0.01027869
0.009988405
0.009517523
0.008901246
0.009827818
0.0108936895
0.0110991495
0.010130675
0.010198513
0.010738632
0.00932514
0.012239125
0.016208924
0.015457169
0.018250195
0.018335423
0.01747027
0.019779054
0.016887983
0.020085707
0.005302062
0.058631647
0.042987324
0.04498959
0.036266964
0.04674398
0.0367926
0.030957421
0.037429366
0.020652298
0.89448977
0.8105564
0.8598003
0.89350694
0.8850171
0.8874489
0.7930178
0.87938404
0.9658641
0.04496824
0.06455599
0.039813247
0.052173633
0.048240323
0.04685911
0.039598748
0.03671748
0.026887963
0.030755853
0.013950352
0.011312562
0.005628102
0.0045175175
0.0070531466
0.0058595003
0.006247574
0.00843937
0.32589817
0.53650695
0.33243474
0.41685215
0.35289967
0.34636506
0.3239276
0.32017386
0.20615928
0.50589466
0.558706
0.41804466
0.5420083
0.42737153
0.46366787
0.5241296
0.42940295
0.18112382
0.018915296
0.031378526
0.011519802
0.028255118
0.03522813
0.028593803
0.015885055
0.02036898
0.0092938235
0.022177318
0.014383756
0.024387734
0.029163163
0.020258205
0.014385414
0.03052324
0.016099459
0.018862052
0.004057664
0.0040234774
0.0037291266
0.0051763337
0.0044494104
0.003371691
0.0038227232
0.0032449246
0.0050344253
0.023852274
0.029941645
0.015655277
0.01656219
0.016020758
0.024114965
0.014787698
0.02400463
0.030069822
0.010850507
0.010445468
0.010207976
0.01023142
0.010074278
0.010344316
0.009553593
0.009829181
0.009404656
0.016108079
0.017837167
0.015537826
0.014914755
0.01482105
0.015116026
0.01720912
0.020038819
0.019206405
0.027029991
0.05215988
0.013790777
0.004959711
0.017441805
0.003675961
0.003221094
0.00459638
0.0085776625
0.11849111
0.086415544
0.2267202
0.2057741
0.19408503
0.13831511
0.17596659
0.10764418
0.056766875
0.044549614
0.04574121
0.08042349
0.05259325
0.042875245
0.032441247
0.051989164
0.0499731
0.05823811
0.0023389463
0.002979101
0.002661718
0.0025367646
0.0024412654
0.0024001196
0.0024679163
0.0025566726
0.0030552375
0.0077615534
0.011226951
0.008356025
0.008289922
0.0075852973
0.00854376
0.009093786
0.008847821
0.012571381
0.0007422794
0.0009378589
0.0006699378
0.0006423655
0.00053180126
0.0006319955
0.0005511182
0.000452685
0.0008101977
0.05521794
0.042226084
0.039806195
0.050296165
0.036131125
0.05323597
0.018851127
0.034205444
0.080769494
0.016642313
0.016046569
0.01922005
0.020883948
0.018591136
0.02279334
0.016056927
0.016499974
0.011711608
0.013047733
0.010935665
0.012391082
0.013387421
0.01304681
0.013283735
0.01236599
0.010396492
0.010272932
0.8734938
0.8094766
0.5170742
0.7094771
0.5235548
0.8375466
0.24837406
0.5686114
0.35220063
0.005995111
0.006935239
0.005734411
0.006186808
0.0057534096
0.0060148053
0.005119687
0.009371216
0.0054894285
0.37596005
0.2582582
0.36689425
0.40943986
0.43918154
0.46170244
0.24129184
0.17594443
0.105482444
0.36581936
0.32534838
0.50020295
0.5288105
0.570725
0.46610782
0.4243269
0.42276135
0.2121213
0.45387107
0.681879
0.68965834
0.5170626
0.56168795
0.45925874
0.32850587
0.40768558
0.23529603
0.03308085
0.034343705
0.027953744
0.016554136
0.032654524
0.039598268
0.034874246
0.028601822
0.014079869
0.20775384
0.12149286
0.051678766
0.09225917
0.044500187
0.10977904
0.103134654
0.18587059
0.0370688
0.03360712
0.027333803
0.054856163
0.046192568
0.042647228
0.036026135
0.033630114
0.042548943
0.048073426
0.008411995
0.008239532
0.011013534
0.0074301446
0.00824849
0.009475568
0.009732504
0.00837041
0.0064887926
0.7704583
0.47822735
0.5844985
0.73250425
0.49872681
0.813657
0.5023632
0.75014627
0.26647264
0.0056069316
0.0039666863
0.0043165935
0.004334221
0.004346994
0.004017759
0.004287078
0.0042102053
0.0039735306
0.4016902
0.5309559
0.74970746
0.6604113
0.684308
0.7504284
0.7031494
0.55645585
0.39951625
0.04556794
0.060478244
0.052837476
0.04384762
0.04725628
0.04855106
0.05053867
0.05375608
0.11186649
0.9942774
0.9946596
0.99349266
0.99530387
0.99451196
0.99463403
0.9935976
0.9933564
0.994898
0.3203128
0.29833183
0.2737862
0.3472927
0.27836043
0.32038134
0.2726458
0.31678396
0.48501292
0.07271759
0.09330745
0.07914979
0.07545472
0.09093414
0.080851845
0.07704125
0.09765716
0.028957618
0.6052687
0.4316161
0.83089155
0.81432265
0.76064426
0.6215433
0.8378317
0.63247806
0.28241724
0.0064629875
0.008353718
0.011051872
0.008595188
0.008938366
0.0075483955
0.008121269
0.009072246
0.006534121
0.009313776
0.009660721
0.00883492
0.008619786
0.00809047
0.008754758
0.008095919
0.007637577
0.007782724
0.015772404
0.02058097
0.017594134
0.0144730965
0.015240313
0.013612006
0.036716133
0.014582001
0.016101994
0.33838394
0.4575899
0.19938706
0.09031537
0.17807984
0.13850681
0.22492063
0.13082947
0.10672457
0.013044685
0.0056883623
0.018011317
0.02113522
0.016090015
0.0135128
0.012183553
0.010981948
0.0075527015
0.022483477
0.02472652
0.023321569
0.0247169
0.018143427
0.019027656
0.020242192
0.021981966
0.018233046
0.8426683
0.72598857
0.93944985
0.8815077
0.9023091
0.87457824
0.8617967
0.79777265
0.9312661
0.09721329
0.07920952
0.12587418
0.10917874
0.04018865
0.04302985
0.015042544
0.054068703
0.029678877
0.024514772
0.024855705
0.033652697
0.021535482
0.021396171
0.021014567
0.02254199
0.030796794
0.018956456
0.038132947
0.032639034
0.095157765
0.05533643
0.062910855
0.055617467
0.051447
0.038512804
0.028159438
0.78544945
0.8660696
0.84981054
0.9191729
0.8068522
0.8361223
0.8748248
0.73643523
0.85785174
0.639755
0.61907834
0.43708086
0.5571476
0.4526633
0.6093399
0.48085865
0.4247754
0.7479133
0.22626299
0.26063147
0.14291047
0.20354979
0.21007809
0.23633544
0.15306383
0.0516727
0.024465974
0.03632693
0.1340364
0.034795564
0.033002906
0.030405968
0.036457762
0.028923292
0.027710063
0.02967193
0.31120688
0.48416823
0.38823214
0.43235525
0.34195852
0.32438827
0.21360666
0.3832503
0.3283485
0.0072621023
0.007634845
0.008010176
0.007819611
0.0074088015
0.008039115
0.0075875437
0.0073720384
0.008637226
0.18269096
0.20812349
0.2219323
0.17870076
0.19622412
0.18556444
0.15888344
0.16656733
0.25223845
0.012741081
0.012603811
0.01782185
0.014668845
0.01513486
0.013967674
0.018018013
0.013352331
0.00945128
0.6635623
0.61118054
0.53165543
0.6082688
0.5032571
0.6944809
0.4842826
0.5445314
0.36602706
0.041680653
0.012683267
0.012262028
0.018677168
0.021351833
0.053910512
0.008807275
0.017549621
0.0060196044
0.0053697103
0.0050602164
0.0051496355
0.004966154
0.0049188607
0.005597651
0.004918576
0.005369105
0.00520956
0.13172883
0.1432326
0.083514646
0.14367415
0.1293063
0.13549435
0.13161233
0.12502436
0.17416777
0.046476707
0.07613035
0.04139042
0.047193058
0.03479116
0.043558348
0.086208485
0.041126255
0.03135161
0.049054254
0.026952377
0.065416664
0.0917417
0.066943005
0.052624166
0.057620715
0.046253677
0.04286911
0.011952303
0.013068498
0.021387793
0.014380929
0.013222402
0.017556034
0.0157891
0.01049073
0.011198713
0.008109421
0.0050674565
0.004960023
0.0043834327
0.004474454
0.0048074704
0.0045732884
0.0041744965
0.004894208
0.020316873
0.014141996
0.01467469
0.011462476
0.014312991
0.014309088
0.014561205
0.012200315
0.0088633625
0.32746482
0.3313036
0.417302
0.4693356
0.42843837
0.36962852
0.31733552
0.24657205
0.39030862
0.054290727
0.005715674
0.0037838337
0.03147179
0.0032437823
0.0070052855
0.003413365
0.0020835907
0.0010771316
0.013150324
0.017124781
0.016168322
0.015434561
0.018870052
0.014846083
0.015076334
0.012711857
0.010272361
0.21135825
0.093296915
0.30343273
0.33422586
0.26594058
0.24812971
0.31805882
0.18659407
0.1799481
0.8710183
0.9219139
0.88356084
0.89441144
0.8466857
0.90614074
0.86592287
0.8843338
0.7945132
0.00721802
0.0069582947
0.008297788
0.008841133
0.0067185163
0.008369005
0.006887129
0.01036216
0.00792074
0.0057797823
0.0038533094
0.00433906
0.0038757357
0.0037730013
0.004455394
0.004458333
0.0036281655
0.0039346903
0.0065304795
0.0056234277
0.005757191
0.0044006477
0.005569298
0.005704387
0.0045005553
0.0048317034
0.0044308156
0.81425196
0.6719664
0.7377396
0.5689445
0.6387844
0.74046606
0.43216798
0.6030389
0.24178438
0.016337782
0.01647727
0.013347734
0.016935557
0.014744907
0.015653811
0.013579459
0.015632626
0.015553304
0.054813035
0.12656079
0.035981573
0.034523983
0.038391676
0.1441436
0.5937002
0.051178876
0.029432027
0.0107239345
0.013874762
0.010178726
0.010515503
0.012914613
0.013878852
0.009759827
0.008574669
0.009999608
0.5119709
0.6267123
0.58582306
0.584952
0.63325876
0.6402277
0.58206946
0.6679666
0.60555017
0.015155262
0.016685488
0.02599917
0.019363767
0.013508701
0.014433523
0.013462611
0.017698605
0.013382781
0.0069986675
0.0105247935
0.009501411
0.0100070285
0.008109174
0.009515288
0.009318197
0.0108288685
0.009053558
0.034455694
0.03686006
0.039453503
0.032305077
0.028843787
0.03985794
0.03151154
0.02309678
0.041576944
0.64802897
0.7569724
0.7004983
0.7276851
0.7588033
0.7277347
0.7022749
0.6683414
0.20501807
0.5091024
0.5013848
0.5615844
0.5986837
0.56736636
0.59206265
0.5852354
0.65713763
0.76641893
0.9407084
0.4106357
0.86542976
0.9065778
0.85791904
0.8985347
0.5331983
0.7692104
0.64969903
0.8567439
0.46223992
0.79081017
0.13966404
0.21660791
0.24214092
0.7872128
0.8754594
0.049646225
0.7399967
0.94138634
0.96799266
0.96424574
0.9347636
0.9302812
0.91172296
0.91029423
0.3229938
0.0067501627
0.0042274464
0.0042258985
0.0041205166
0.0041415356
0.0038536375
0.0039957194
0.0049070576
0.0054284506
0.10122684
0.09701957
0.0624839
0.042590585
0.056360673
0.05081777
0.054841775
0.052327197
0.057148058
0.14311214
0.2585823
0.16412894
0.1633881
0.17919189
0.19476
0.15593116
0.17497407
0.41570833
0.96635866
0.9679254
0.97519255
0.9686827
0.9696493
0.96558774
0.97130483
0.9699414
0.97576106
0.021575743
0.027769912
0.016128553
0.0143378135
0.015177536
0.019623032
0.01373506
0.020772459
0.013990931
0.99214435
0.9909689
0.99186474
0.9915181
0.99172664
0.9922586
0.99003184
0.992312
0.9921536
0.005775993
0.0046058064
0.005527344
0.004297614
0.005507426
0.005431359
0.0039220923
0.0042099496
0.0049083857
0.031089263
0.037181385
0.051073525
0.03269118
0.03976975
0.022897001
0.051386796
0.032961007
0.035709754
0.10142057
0.07630382
0.056053337
0.08832463
0.020144548
0.054014593
0.053089187
0.03788364
0.02970657
0.86209744
0.63838905
0.59551257
0.8793609
0.81680655
0.7527335
0.6786013
0.6874692
0.89929
0.47903094
0.5161938
0.2921944
0.16050829
0.8160048
0.24147667
0.6970276
0.5063855
0.0213188
0.004764432
0.005022771
0.00505167
0.0049495753
0.004875897
0.0051164385
0.0048381737
0.004258762
0.0052623004
0.060050525
0.03245646
0.038138587
0.03327991
0.04038726
0.043241315
0.02828526
0.041445952
0.058406092
0.045688175
0.04236388
0.04202354
0.04048711
0.03339672
0.03980252
0.04222879
0.032786697
0.03585748
0.30061188
0.2079935
0.29021657
0.6386408
0.2746474
0.1820588
0.07694472
0.08447406
0.030320525
